489 1 1
489 413 1
489 417 1
507 246 1
507 306 1
507 486 1
28 73 1
28 210 1
41 527 1
41 681 1
47 526 1
47 34 1
47 541 1
47 542 1
64 138 1
64 227 1
64 409 1
64 893 1
553 11 1
553 552 1
553 581 1
553 111 1
553 124 1
553 126 1
553 127 1
553 135 1
553 169 1
553 225 1
553 301 1
554 512 1
554 22 1
554 72 1
75 115 1
75 146 1
100 153 1
100 223 1
100 356 1
586 67 1
586 224 1
586 914 1
603 132 1
134 649 1
134 825 1
140 141 1
142 619 1
649 526 1
649 34 1
649 59 1
649 561 1
649 604 1
649 139 1
649 619 1
649 145 1
649 620 1
649 151 1
649 152 1
649 176 1
649 199 1
649 265 1
649 745 1
649 307 1
649 797 1
649 825 1
649 830 1
649 912 1
654 655 1
655 465 1
175 87 1
668 727 1
222 183 1
222 278 1
707 34 1
707 59 1
707 151 1
707 193 1
707 214 1
707 351 1
707 369 1
727 87 1
727 149 1
727 194 1
727 950 1
734 489 1
734 1 1
746 504 1
746 512 1
746 523 1
746 39 1
746 80 1
746 128 1
746 689 1
746 698 1
746 262 1
746 823 1
746 358 1
746 854 1
746 856 1
746 857 1
746 395 1
746 405 1
746 895 1
746 431 1
746 918 1
746 929 1
300 502 1
300 503 1
300 31 1
300 38 1
300 39 1
300 639 1
300 241 1
300 242 1
300 717 1
300 248 1
300 729 1
300 266 1
300 267 1
300 786 1
300 346 1
300 847 1
300 848 1
300 372 1
300 968 1
300 390 1
300 872 1
300 450 1
300 950 1
784 52 1
784 544 1
784 607 1
784 419 1
826 1 1
826 502 1
826 503 1
826 17 1
826 39 1
826 44 1
826 55 1
826 545 1
826 551 1
826 63 1
826 67 1
826 86 1
826 87 1
826 150 1
826 178 1
826 179 1
826 663 1
826 180 1
826 201 1
826 240 1
826 241 1
826 718 1
826 249 1
826 250 1
826 744 1
826 263 1
826 274 1
826 752 1
826 778 1
826 302 1
826 786 1
826 788 1
826 803 1
826 831 1
826 354 1
826 834 1
826 355 1
826 414 1
826 415 1
826 890 1
826 891 1
826 892 1
826 432 1
826 470 1
826 471 1
826 949 1
826 869 1
828 8 1
828 498 1
828 535 1
828 555 1
828 598 1
828 610 1
828 183 1
828 191 1
828 218 1
828 692 1
828 227 1
828 697 1
828 748 1
828 299 1
828 808 1
828 320 1
828 336 1
828 827 1
828 340 1
828 858 1
828 886 1
828 412 1
828 972 1
377 162 1
377 662 1
377 706 1
377 273 1
382 13 1
382 562 1
382 73 1
382 232 1
382 699 1
382 233 1
382 700 1
382 712 1
382 736 1
382 258 1
382 740 1
382 741 1
382 262 1
382 743 1
382 324 1
382 814 1
382 815 1
382 862 1
382 864 1
382 865 1
391 511 1
391 526 1
391 34 1
391 47 1
391 537 1
391 541 1
391 542 1
391 607 1
391 620 1
391 649 1
391 159 1
391 177 1
391 197 1
391 683 1
391 693 1
391 694 1
391 295 1
391 798 1
391 799 1
391 822 1
391 823 1
391 336 1
391 825 1
391 853 1
391 376 1
391 389 1
391 430 1
391 486 1
398 499 1
398 155 1
398 206 1
398 209 1
400 491 1
400 493 1
400 3 1
400 5 1
400 518 1
400 534 1
400 538 1
400 51 1
400 556 1
400 573 1
400 594 1
400 131 1
400 623 1
400 750 1
877 6 1
877 10 1
877 517 1
877 87 1
877 592 1
877 169 1
877 205 1
877 220 1
877 715 1
877 239 1
877 766 1
877 767 1
877 317 1
877 368 1
877 369 1
877 370 1
877 377 1
877 885 1
877 454 1
877 934 1
877 476 1
410 132 1
418 45 1
418 236 1
418 244 1
916 522 1
916 560 1
916 91 1
916 596 1
916 600 1
916 216 1
916 720 1
916 347 1
916 433 1
916 434 1
916 903 1
916 904 1
916 905 1
916 906 1
916 907 1
916 437 1
916 438 1
916 439 1
916 441 1
916 444 1
916 445 1
916 915 1
917 10 1
917 104 1
917 105 1
917 106 1
917 107 1
917 108 1
917 130 1
917 138 1
917 715 1
917 239 1
917 277 1
917 767 1
917 359 1
917 397 1
917 413 1
917 417 1
928 2 1
932 1 1
932 2 1
932 491 1
932 4 1
932 497 1
932 505 1
932 510 1
932 22 1
932 516 1
932 33 1
932 35 1
932 49 1
932 50 1
932 55 1
932 546 1
932 547 1
932 57 1
932 61 1
932 63 1
932 64 1
932 72 1
932 76 1
932 83 1
932 568 1
932 89 1
932 569 1
932 99 1
932 575 1
932 579 1
932 588 1
932 589 1
932 590 1
932 592 1
932 595 1
932 599 1
932 128 1
932 609 1
932 623 1
932 154 1
932 631 1
932 637 1
932 644 1
932 646 1
932 647 1
932 160 1
932 162 1
932 650 1
932 651 1
932 166 1
932 178 1
932 184 1
932 669 1
932 188 1
932 193 1
932 198 1
932 685 1
932 204 1
932 686 1
932 208 1
932 688 1
932 227 1
932 230 1
932 701 1
932 704 1
932 705 1
932 709 1
932 731 1
932 732 1
932 256 1
932 269 1
932 270 1
932 273 1
932 753 1
932 286 1
932 768 1
932 287 1
932 771 1
932 774 1
932 775 1
932 778 1
932 780 1
932 300 1
932 787 1
932 789 1
932 790 1
932 791 1
932 792 1
932 796 1
932 797 1
932 309 1
932 800 1
932 811 1
932 330 1
932 822 1
932 823 1
932 353 1
932 845 1
932 373 1
932 852 1
932 855 1
932 377 1
932 378 1
932 871 1
932 397 1
932 878 1
932 403 1
932 405 1
932 406 1
932 407 1
932 409 1
932 413 1
932 417 1
932 427 1
932 904 1
932 909 1
932 451 1
932 924 1
932 925 1
932 930 1
932 971 1
932 460 1
932 462 1
932 936 1
932 472 1
932 473 1
932 475 1
932 960 1
932 961 1
953 952 1
667 549 1
667 85 1
667 164 1
667 165 1
667 167 1
667 652 1
667 185 1
667 200 1
667 281 1
667 283 1
667 297 1
667 339 1
667 344 1
667 358 1
667 416 1
667 431 1
667 467 1
667 468 1
102 25 1
102 954 1
102 525 1
102 526 1
102 544 1
102 59 1
102 88 1
102 111 1
102 587 1
102 603 1
102 132 1
102 962 1
102 636 1
102 637 1
102 158 1
102 220 1
102 226 1
102 711 1
102 735 1
102 736 1
102 276 1
102 777 1
102 785 1
102 303 1
102 304 1
102 789 1
102 805 1
102 810 1
102 323 1
102 815 1
102 325 1
102 820 1
102 326 1
102 341 1
102 832 1
102 862 1
102 863 1
102 382 1
102 384 1
102 385 1
102 866 1
102 386 1
102 387 1
102 396 1
102 900 1
102 469 1
102 946 1
102 951 1
102 869 1
102 955 1
102 478 1
102 479 1
102 480 1
102 959 1
102 960 1
102 481 1
102 548 1
102 616 1
102 383 1
102 897 1
102 506 1
102 519 1
102 601 1
102 634 1
102 156 1
102 635 1
102 640 1
102 172 1
102 665 1
102 294 1
102 298 1
102 817 1
102 818 1
102 368 1
102 880 1
102 404 1
102 898 1
102 899 1
102 450 1
102 920 1
102 921 1
102 922 1
102 457 1
102 939 1
102 942 1
102 944 1
102 945 1
102 495 1
102 28 1
102 37 1
102 531 1
102 38 1
102 45 1
102 48 1
102 64 1
102 557 1
102 66 1
102 563 1
102 564 1
102 77 1
102 103 1
102 106 1
102 584 1
102 131 1
102 612 1
102 615 1
102 146 1
102 627 1
102 152 1
102 629 1
102 648 1
102 170 1
102 674 1
102 199 1
102 679 1
102 680 1
102 681 1
102 202 1
102 203 1
102 682 1
102 687 1
102 213 1
102 695 1
102 231 1
102 236 1
102 713 1
102 716 1
102 259 1
102 280 1
102 281 1
102 290 1
102 776 1
102 329 1
102 821 1
102 836 1
102 837 1
102 362 1
102 871 1
102 395 1
102 882 1
102 413 1
102 414 1
102 421 1
102 892 1
102 453 1
102 940 1
102 483 1
553 832 1
553 215 1
553 152 1
553 197 1
553 15 1
553 256 1
553 332 1
553 500 1
553 950 1
553 793 1
553 327 1
553 463 1
553 148 1
553 453 1
553 556 1
553 580 1
553 656 1
553 736 1
553 324 1
553 819 1
553 779 1
553 818 1
553 445 1
553 482 1
553 529 1
553 133 1
553 179 1
553 385 1
553 25 1
553 230 1
553 711 1
553 368 1
553 107 1
553 182 1
553 289 1
553 872 1
553 509 1
553 312 1
553 295 1
553 83 1
553 95 1
553 8 1
553 320 1
553 926 1
553 935 1
553 344 1
553 420 1
553 164 1
553 680 1
553 590 1
553 672 1
553 195 1
553 264 1
553 349 1
553 47 1
553 306 1
553 380 1
553 643 1
553 849 1
553 629 1
553 328 1
553 121 1
553 639 1
553 372 1
553 794 1
553 879 1
553 229 1
553 39 1
553 532 1
553 81 1
553 585 1
553 176 1
553 688 1
553 251 1
553 342 1
553 343 1
553 355 1
553 883 1
553 447 1
553 335 1
553 919 1
553 566 1
553 626 1
553 292 1
553 477 1
553 51 1
553 245 1
382 14 1
382 71 1
382 72 1
382 711 1
382 737 1
382 813 1
382 325 1
382 816 1
382 348 1
382 863 1
382 949 1
382 861 1
382 969 1
75 87 1
46 22 1
46 23 1
46 90 1
46 570 1
46 94 1
46 95 1
46 97 1
46 98 1
46 636 1
46 637 1
46 212 1
46 304 1
46 364 1
46 386 1
46 429 1
46 945 1
46 946 1
46 488 1
46 582 1
46 583 1
46 215 1
46 262 1
46 325 1
46 851 1
46 375 1
46 385 1
46 2 1
46 490 1
46 8 1
46 504 1
46 19 1
46 515 1
46 33 1
46 539 1
46 51 1
46 548 1
46 78 1
46 80 1
46 85 1
46 135 1
46 156 1
46 635 1
46 642 1
46 657 1
46 658 1
46 683 1
46 221 1
46 708 1
46 709 1
46 715 1
46 244 1
46 268 1
46 270 1
46 279 1
46 762 1
46 307 1
46 833 1
46 361 1
46 842 1
46 845 1
46 383 1
46 411 1
46 428 1
46 894 1
46 897 1
46 898 1
46 900 1
46 449 1
46 456 1
46 457 1
46 938 1
46 464 1
46 466 1
46 469 1
46 944 1
46 13 1
46 509 1
46 516 1
46 520 1
46 31 1
46 530 1
46 45 1
46 71 1
46 72 1
46 88 1
46 579 1
46 117 1
46 603 1
46 132 1
46 173 1
46 177 1
46 196 1
46 207 1
46 232 1
46 233 1
46 700 1
46 712 1
46 240 1
46 720 1
46 252 1
46 736 1
46 737 1
46 743 1
46 966 1
46 282 1
46 773 1
46 313 1
46 806 1
46 813 1
46 324 1
46 814 1
46 815 1
46 832 1
46 351 1
46 862 1
46 863 1
46 864 1
46 865 1
46 873 1
46 931 1
46 949 1
46 472 1
46 952 1
46 969 1
507 722 1
507 723 1
507 724 1
507 725 1
507 362 1
507 440 1
36 196 1
54 524 1
54 544 1
54 560 1
54 196 1
54 362 1
54 870 1
54 441 1
54 435 1
54 442 1
553 382 1
553 870 1
553 393 1
553 419 1
553 440 1
110 196 1
110 393 1
110 441 1
582 560 1
582 442 1
134 47 1
134 419 1
649 47 1
664 196 1
664 362 1
664 393 1
664 435 1
727 196 1
727 442 1
252 362 1
252 870 1
252 393 1
252 440 1
252 441 1
252 442 1
256 544 1
260 59 1
260 382 1
260 441 1
261 544 1
261 560 1
261 810 1
261 419 1
261 440 1
263 524 1
263 47 1
263 544 1
263 624 1
263 246 1
263 722 1
263 723 1
263 724 1
263 725 1
263 870 1
263 435 1
263 441 1
759 548 1
759 442 1
332 382 1
825 59 1
825 810 1
830 362 1
830 419 1
382 47 1
382 59 1
382 810 1
382 435 1
388 810 1
881 624 1
410 442 1
418 419 1
418 440 1
889 524 1
889 47 1
889 59 1
889 548 1
889 560 1
889 624 1
889 196 1
889 246 1
889 722 1
889 723 1
889 724 1
889 725 1
889 362 1
889 870 1
889 419 1
889 435 1
889 440 1
889 441 1
889 442 1
443 624 1
443 196 1
455 560 1
455 810 1
455 419 1
933 393 1
459 624 1
459 362 1
459 382 1
937 524 1
948 548 1
948 382 1
54 262 1
261 957 1
261 958 1
263 262 1
825 957 1
825 958 1
418 957 1
418 958 1
889 262 1
455 262 1
933 262 1
134 7 1
134 13 1
134 526 1
134 527 1
134 37 1
134 45 1
134 58 1
134 59 1
134 63 1
134 71 1
134 73 1
134 113 1
134 606 1
134 607 1
134 619 1
134 621 1
134 152 1
134 638 1
134 639 1
134 178 1
134 179 1
134 665 1
134 688 1
134 233 1
134 703 1
134 235 1
134 710 1
134 712 1
134 258 1
134 741 1
134 262 1
134 743 1
134 265 1
134 752 1
134 758 1
134 769 1
134 789 1
134 306 1
134 813 1
134 324 1
134 814 1
134 815 1
134 325 1
134 816 1
134 337 1
134 344 1
134 362 1
134 839 1
134 379 1
134 383 1
134 384 1
134 385 1
134 884 1
134 415 1
134 908 1
134 449 1
134 939 1
134 954 1
134 479 1
134 960 1
134 495 1
134 508 1
134 515 1
134 22 1
134 84 1
134 92 1
134 93 1
134 112 1
134 126 1
134 614 1
134 173 1
134 659 1
134 174 1
134 244 1
134 747 1
134 304 1
134 800 1
134 314 1
134 321 1
134 351 1
134 386 1
134 396 1
134 446 1
134 450 1
134 451 1
134 923 1
649 62 1
649 595 1
649 217 1
649 271 1
649 772 1
649 291 1
649 293 1
649 804 1
649 334 1
649 365 1
649 852 1
649 385 1
649 448 1
649 924 1
649 939 1
649 947 1
649 520 1
649 137 1
649 628 1
649 728 1
649 316 1
649 396 1
649 491 1
649 8 1
649 504 1
649 509 1
649 22 1
649 29 1
649 30 1
649 39 1
649 46 1
649 56 1
649 82 1
649 90 1
649 570 1
649 94 1
649 95 1
649 100 1
649 577 1
649 116 1
649 593 1
649 128 1
649 138 1
649 143 1
649 147 1
649 633 1
649 641 1
649 161 1
649 657 1
649 173 1
649 174 1
649 184 1
649 666 1
649 186 1
649 690 1
649 219 1
649 221 1
649 230 1
649 700 1
649 234 1
649 715 1
649 238 1
649 244 1
649 726 1
649 733 1
649 272 1
649 761 1
649 282 1
649 764 1
649 286 1
649 768 1
649 288 1
649 770 1
649 289 1
649 781 1
649 782 1
649 783 1
649 310 1
649 800 1
649 802 1
649 805 1
649 818 1
649 333 1
649 824 1
649 338 1
649 345 1
649 360 1
649 839 1
649 363 1
649 364 1
649 845 1
649 864 1
649 389 1
649 871 1
649 392 1
649 399 1
649 422 1
649 895 1
649 897 1
649 920 1
649 921 1
649 922 1
649 452 1
649 928 1
649 461 1
649 941 1
649 942 1
649 469 1
649 945 1
649 950 1
649 474 1
649 478 1
649 957 1
649 958 1
649 486 1
400 655 1
400 835 1
400 513 1
400 40 1
400 247 1
400 109 1
400 313 1
400 174 1
400 42 1
400 401 1
400 284 1
400 68 1
400 171 1
400 197 1
400 896 1
400 543 1
400 168 1
400 164 1
400 22 1
400 26 1
400 65 1
400 305 1
400 489 1
400 658 1
400 1 1
400 24 1
400 684 1
400 362 1
400 677 1
400 637 1
400 237 1
400 383 1
400 675 1
400 639 1
400 148 1
400 118 1
400 496 1
400 877 1
400 388 1
400 25 1
400 222 1
400 508 1
400 116 1
400 763 1
400 200 1
400 281 1
400 88 1
400 660 1
400 122 1
400 169 1
400 402 1
400 178 1
400 172 1
400 83 1
400 622 1
400 613 1
400 157 1
400 52 1
400 726 1
400 21 1
400 694 1
400 632 1
400 700 1
400 359 1
400 241 1
485 117 1
485 962 1
485 289 1
485 805 1
485 362 1
485 839 1
485 864 1
485 865 1
485 382 1
485 383 1
485 384 1
485 898 1
485 922 1
485 946 1
485 15 1
485 665 1
485 195 1
485 315 1
485 413 1
485 420 1
485 423 1
485 424 1
485 425 1
485 483 1
485 484 1
485 874 1
485 967 1
24 236 1
24 244 1
24 391 1
24 798 1
24 526 1
24 101 1
24 401 1
24 59 1
24 524 1
24 313 1
24 541 1
24 84 1
24 314 1
24 516 1
24 520 1
24 575 1
24 47 1
24 28 1
24 380 1
24 567 1
24 29 1
24 394 1
24 14 1
24 565 1
24 507 1
24 385 1
24 132 1
24 12 1
24 560 1
24 521 1
24 716 1
24 605 1
24 625 1
24 502 1
24 133 1
24 215 1
24 528 1
24 418 1
24 828 1
24 602 1
825 544 1
825 419 1
825 322 1
825 726 1
825 289 1
825 237 1
825 362 1
825 376 1
825 350 1
825 95 1
825 570 1
825 375 1
825 94 1
825 79 1
825 357 1
825 622 1
825 186 1
825 324 1
825 57 1
825 234 1
825 756 1
825 749 1
825 283 1
825 189 1
825 294 1
825 70 1
825 240 1
825 308 1
825 765 1
825 276 1
825 540 1
825 319 1
825 367 1
825 902 1
825 901 1
825 811 1
825 53 1
825 591 1
825 383 1
825 801 1
825 714 1
825 968 1
825 757 1
825 187 1
825 763 1
825 210 1
825 212 1
825 284 1
825 275 1
825 243 1
825 844 1
825 352 1
825 281 1
825 670 1
825 272 1
825 617 1
825 875 1
825 764 1
825 238 1
825 760 1
825 366 1
825 754 1
825 645 1
825 116 1
825 671 1
825 78 1
825 574 1
400 746 1
932 136 1
932 501 1
932 927 1
932 359 1
932 500 1
932 120 1
932 117 1
932 608 1
932 119 1
932 328 1
932 80 1
932 702 1
932 381 1
932 435 1
932 374 1
932 408 1
932 66 1
932 313 1
932 545 1
932 458 1
58 59 1
58 776 1
951 254 1
951 716 1
951 255 1
951 450 1
951 920 1
951 921 1
951 922 1
951 593 1
951 611 1
951 713 1
951 742 1
877 571 1
877 125 1
877 126 1
877 659 1
877 174 1
877 305 1
877 318 1
877 330 1
877 331 1
877 386 1
877 875 1
877 401 1
877 888 1
877 946 1
877 487 1
696 653 1
696 365 1
696 650 1
696 544 1
696 558 1
485 6 1
485 533 1
485 62 1
485 570 1
485 379 1
485 860 1
485 426 1
485 83 1
485 259 1
485 265 1
485 838 1
485 846 1
826 506 1
826 18 1
826 19 1
826 43 1
826 75 1
826 103 1
826 152 1
826 649 1
826 181 1
826 184 1
826 264 1
826 787 1
826 306 1
826 825 1
826 371 1
826 372 1
826 385 1
826 868 1
826 491 1
826 492 1
826 15 1
826 76 1
826 614 1
826 231 1
826 700 1
826 736 1
826 861 1
826 864 1
826 630 1
859 378 1
730 248 1
730 727 1
730 249 1
730 250 1
730 251 1
730 253 1
730 678 1
730 296 1
730 32 1
730 661 1
730 7 1
730 190 1
916 514 1
916 192 1
916 332 1
916 152 1
916 150 1
916 144 1
916 123 1
916 435 1
916 436 1
916 440 1
916 913 1
916 914 1
916 18 1
916 691 1
916 909 1
916 69 1
916 129 1
916 721 1
916 910 1
64 618 1
64 639 1
64 656 1
64 738 1
64 324 1
64 382 1
64 304 1
64 640 1
240 241 1
240 268 1
240 746 1
240 676 1
240 173 1
240 659 1
240 174 1
240 488 1
41 37 1
47 525 1
554 23 1
100 572 1
134 826 1
649 525 1
649 621 1
649 963 1
649 964 1
649 341 1
722 246 1
722 723 1
722 724 1
722 725 1
746 428 1
746 429 1
746 894 1
300 640 1
300 641 1
300 642 1
300 243 1
300 873 1
300 920 1
300 921 1
300 922 1
784 605 1
784 606 1
784 608 1
826 16 1
826 751 1
828 9 1
828 228 1
828 829 1
391 525 1
391 536 1
391 605 1
391 606 1
391 608 1
391 621 1
391 311 1
391 826 1
400 494 1
410 603 1
916 597 1
916 911 1
928 490 1
932 490 1
932 23 1
932 550 1
932 636 1
932 163 1
932 329 1
667 60 1
102 114 1
102 812 1
102 830 1
102 867 1
102 956 1
102 27 1
102 639 1
102 641 1
102 642 1
102 527 1
102 628 1
102 656 1
102 963 1
102 964 1
102 965 1
553 170 1
553 817 1
553 770 1
553 873 1
553 94 1
553 9 1
553 673 1
553 329 1
553 640 1
553 641 1
553 642 1
553 795 1
553 719 1
46 571 1
46 96 1
46 211 1
46 840 1
46 895 1
46 487 1
46 850 1
46 9 1
46 20 1
46 962 1
46 639 1
46 640 1
46 641 1
46 172 1
46 841 1
46 843 1
46 887 1
46 970 1
46 943 1
46 14 1
46 659 1
46 174 1
46 807 1
46 872 1
134 14 1
134 525 1
134 605 1
134 608 1
134 620 1
134 640 1
134 641 1
134 642 1
134 970 1
134 23 1
134 920 1
134 921 1
134 922 1
649 627 1
649 9 1
649 23 1
649 576 1
649 578 1
649 639 1
649 640 1
649 642 1
649 659 1
649 817 1
649 840 1
649 428 1
649 429 1
649 894 1
649 898 1
649 450 1
649 946 1
649 955 1
649 956 1
400 173 1
400 659 1
400 559 1
400 23 1
400 876 1
400 636 1
400 640 1
400 641 1
400 642 1
485 156 1
485 770 1
485 897 1
485 450 1
485 920 1
485 921 1
485 945 1
24 311 1
24 525 1
24 13 1
24 603 1
24 606 1
24 607 1
24 608 1
825 770 1
825 90 1
825 755 1
825 285 1
825 809 1
825 372 1
825 211 1
825 717 1
932 605 1
932 606 1
932 607 1
877 96 1
877 97 1
877 98 1
877 173 1
877 329 1
877 945 1
877 488 1
696 163 1
485 90 1
826 20 1
916 122 1
64 641 1
64 642 1
64 170 1
64 739 1
240 487 1
