1	1132034
2	1132035
3	1132037
4	1132038
5	1132039
6	1132042
7	1132045
8	1132047
9	1132048
10	1132050
11	1132051
12	1132052
13	1132055
14	1132056
15	1132059
16	1132060
17	1132061
18	1132065
19	1132066
20	1132067
21	1132068
22	1132071
23	1132072
24	1132073
25	1132074
26	1132079
27	1132080
28	1132082
29	1132083
30	1132084
31	1132086
32	1132087
33	1132090
34	1132091
35	1132092
36	1132093
37	1132094
38	1132096
39	1132097
40	1132098
41	1132101
42	1132103
43	1132106
44	1132107
45	1132108
46	1132109
47	1132110
48	1132122
49	1132123
50	1132128
51	1132129
52	1132130
53	1132131
54	1132132
55	1132133
56	1132134
57	1132136
58	1132137
59	1132138
60	1132139
61	1132140
62	1132141
63	1132142
64	1132143
65	1132148
66	1132150
67	1132151
68	1132154
69	1132157
70	1132158
71	1132160
72	1132161
73	1132162
74	1132163
75	1132165
76	1132173
77	1132174
78	1132177
79	1132178
80	1132179
81	1132180
82	1132181
83	1132182
84	1132183
85	1132187
86	1132188
87	1132189
88	1132190
89	1132191
90	1132192
91	1132193
92	1132195
93	1132196
94	1132197
95	1132198
96	1132199
97	1132200
98	1132201
99	1132202
100	1132204
101	1132207
102	1132208
103	1132209
104	1132211
105	1132213
106	1132214
107	1132221
108	1132222
109	1132224
110	1132226
111	1132227
112	1132228
113	1132231
114	1132232
115	1132235
116	1132236
117	1132240
118	1132241
119	1132245
120	1132246
121	1132249
122	1132252
123	1132253
124	1132254
125	1132255
126	1132256
127	1132257
128	1132259
129	1132260
130	1132261
131	1132264
132	1132265
133	1132266
134	1132267
135	1132268
136	1132269
137	1132270
138	1132273
139	1132274
140	1132276
141	1132277
142	1132278
143	1132280
144	1132284
145	1132286
146	1132287
147	1132289
148	1132291
149	1132294
150	1132296
151	1132301
152	1132302
153	1132303
154	1132308
155	1132312
156	1132314
157	1132316
158	1132320
159	1132321
160	1132323
161	1132324
162	1132325
163	1132326
164	1132328
165	1132329
166	1132330
167	1132333
168	1132334
169	1132338
170	1132339
171	1132340
172	1132341
173	1132342
174	1132343
175	1132344
176	1132348
177	1132349
178	1132350
179	1132351
180	1132352
181	1132353
182	1132354
183	1132361
184	1132362
185	1132364
186	1132365
187	1132366
188	1132367
189	1132368
190	1132370
191	1132371
192	1132372
193	1132374
194	1132376
195	1132377
196	1132378
197	1132379
198	1132380
199	1132388
200	1132390
201	1132392
202	1132393
203	1132394
204	1132400
205	1132401
206	1132403
207	1132404
208	1132405
209	1132406
210	1132407
211	1132409
212	1132410
213	1132411
214	1132412
215	1132413
216	1132415
217	1132416
218	1132417
219	1132418
220	1132419
221	1132420
222	1132423
223	1132424
224	1132428
225	1132429
226	1132431
227	1132433
228	1132434
229	1132438
230	1132439
231	1132443
232	1132445
233	1132447
234	1132458
235	1132460
236	1132461
237	1132463
238	1132464
239	1132465
240	1132469
241	1132470
242	1132472
243	1132474
244	1132477
245	1132479
246	1132483
247	1132484
248	1132486
249	1132487
250	1132488
251	1132489
252	1132492
253	1132496
254	1132497
255	1132498
256	1132499
257	1132501
258	1132503
259	1132504
260	1132505
261	1132507
262	1132510
263	1132511
264	1132512
265	1132514
266	1132515
267	1132516
268	1132518
269	1132520
270	1132521
271	1132524
272	1132529
273	1132531
274	1132532
275	1132534
276	1132535
277	1132536
278	1132537
279	1132539
280	1132541
281	1132544
282	1132546
283	1132547
284	1132548
285	1132549
286	1132551
287	1132556
288	1132557
289	1132558
290	1132561
291	1132566
292	1132567
293	1132568
294	1132571
295	1132576
296	1132577
297	1132579
298	1132581
299	1132583
300	1132586
301	1132588
302	1132591
303	1132592
304	1132593
305	1132594
306	1132600
307	1132602
308	1132603
309	1132604
310	1132605
311	1132607
312	1132614
313	1132616
314	1132617
315	1132618
316	1132620
317	1132629
318	1132634
319	1132635
320	1132636
321	1132639
322	1132642
323	1132643
324	1132644
325	1132645
326	1132648
327	1132649
328	1132651
329	1132652
330	1132653
331	1132654
332	1132656
333	1132657
334	1132660
335	1132661
336	1132665
337	1132666
338	1132667
339	1132670
340	1132673
341	1132675
342	1132679
343	1132680
344	1132685
345	1132687
346	1132688
347	1132690
348	1132699
349	1132700
350	1132701
351	1132704
352	1132705
353	1132708
354	1132709
355	1132711
356	1132716
357	1132721
358	1132722
359	1132724
360	1132726
361	1132727
362	1132728
363	1132729
364	1132730
365	1132735
366	1132736
367	1132737
368	1132740
369	1132742
370	1132743
371	1132744
372	1132746
373	1132749
374	1132750
375	1132752
376	1132753
377	1132758
378	1132759
379	1132761
380	1132762
381	1132764
382	1132767
383	1132768
384	1132769
385	1132770
386	1132771
387	1132772
388	1132773
389	1132787
390	1132789
391	1132792
392	1132793
393	1132800
394	1132803
395	1132804
396	1132805
397	1132807
398	1132808
399	1132809
400	1132810
401	1132811
402	1132814
403	1132815
404	1132818
405	1132819
406	1132820
407	1132821
408	1132823
409	1132826
410	1132827
411	1132838
412	1132844
413	1132845
414	1132847
415	1132848
416	1132849
417	1132850
418	1132851
419	1132852
420	1132853
421	1132854
422	1132857
423	1132859
424	1132860
425	1132861
426	1132862
427	1132863
428	1132864
429	1132865
430	1132866
431	1132870
432	1132871
433	1132872
434	1132873
435	1132874
436	1132876
437	1132877
438	1132878
439	1132879
440	1132880
441	1132881
442	1132883
443	1132885
444	1132889
445	1132890
446	1132892
447	1132893
448	1132894
449	1132895
450	1132897
451	1132898
452	1132899
453	1132903
454	1132904
455	1132909
456	1132910
457	1132912
458	1132913
459	1132914
460	1132915
461	1132918
462	1132924
463	1132929
464	1132936
465	1132938
466	1132940
467	1132941
468	1132942
469	1132943
470	1132946
471	1132947
472	1132948
473	1132949
474	1132950
475	1132951
476	1132952
477	1132953
478	1132954
479	1132955
480	1132956
481	1132957
482	1132960
483	1132964
484	1132965
485	1132966
486	1132967
487	1132968
488	1132969
489	3873039
490	3873040
491	3873042
492	3873043
493	3873044
494	3873048
495	3873055
496	3873056
497	3873058
498	3873065
499	3873067
500	3873072
501	3873073
502	3873074
503	3873075
504	3873077
505	3873079
506	3873082
507	3873083
508	3873084
509	3873091
510	3873094
511	3873099
512	3873101
513	3873104
514	3873108
515	3873112
516	3873115
517	3873116
518	3873123
519	3873124
520	3873125
521	3873129
522	3873130
523	3873135
524	3873138
525	3873141
526	3873142
527	3873145
528	3873148
529	3873152
530	3873155
531	3873158
532	3873171
533	3873172
534	3873179
535	3873182
536	3873188
537	3873189
538	3873190
539	3873194
540	3873197
541	3873198
542	3873199
543	3873212
544	3873215
545	3873217
546	3873218
547	3873221
548	3873223
549	3873224
550	3873227
551	3873228
552	3873232
553	3873233
554	3873234
555	3873238
556	3873239
557	3873242
558	3873246
559	3873250
560	3873254
561	3873256
562	3873260
563	3873266
564	3873268
565	3873274
566	3873278
567	3873287
568	3873290
569	3873292
570	3873293
571	3873301
572	3873305
573	3873306
574	3873317
575	3873318
576	3873322
577	3873323
578	3873324
579	3873335
580	3873337
581	3873341
582	3873342
583	3873343
584	3873350
585	3873353
586	3873356
587	3873359
588	3873360
589	3873361
590	3873366
591	3873368
592	3873375
593	3873378
594	3873379
595	3873382
596	3873390
597	3873391
598	3873398
599	3873399
600	3873400
601	3873403
602	3873405
603	3873406
604	3873411
605	3873413
606	3873414
607	3873415
608	3873416
609	3873417
610	3873419
611	3873421
612	3873423
613	3873426
614	3873428
615	3873432
616	3873433
617	3873437
618	3873438
619	3873447
620	3873453
621	3873454
622	3873455
623	3873462
624	3873464
625	3873468
626	3873473
627	3873478
628	3873479
629	3873492
630	3873494
631	3873497
632	3873502
633	3873504
634	3873505
635	3873506
636	3873507
637	3873508
638	3873511
639	3873512
640	3873513
641	3873514
642	3873515
643	3873516
644	3873517
645	3873520
646	3873521
647	3873522
648	3873523
649	3873526
650	3873531
651	3873534
652	3873537
653	3873539
654	3873540
655	3873541
656	3873546
657	3873551
658	3873552
659	3873553
660	3873556
661	3873558
662	3873561
663	3873562
664	3873565
665	3873568
666	3873575
667	3873577
668	3873582
669	3873583
670	3873584
671	3873588
672	3873590
673	3873591
674	3873592
675	3873594
676	3873604
677	3873606
678	3873616
679	3873623
680	3873624
681	3873627
682	3873628
683	3873631
684	3873632
685	3873634
686	3873639
687	3873643
688	3873645
689	3873646
690	3873651
691	3873652
692	3873656
693	3873657
694	3873658
695	3873659
696	3873664
697	3873667
698	3873671
699	3873673
700	3873674
701	3873686
702	3873687
703	3873698
704	3873699
705	3873700
706	3873701
707	3873702
708	3873707
709	3873717
710	3873718
711	3873719
712	3873720
713	3873722
714	3873723
715	3873725
716	3873731
717	3873738
718	3873740
719	3873745
720	3873746
721	3873748
722	3873754
723	3873755
724	3873756
725	3873757
726	3873766
727	3873769
728	3873770
729	3873771
730	3873775
731	3873777
732	3873778
733	3873781
734	3873785
735	3873786
736	3873791
737	3873792
738	3873793
739	3873794
740	3873796
741	3873797
742	3873798
743	3873806
744	3873807
745	3873814
746	3873817
747	3873818
748	3873826
749	3873830
750	3873831
751	3873833
752	3873834
753	3873835
754	3873838
755	3873840
756	3873841
757	3873843
758	3873847
759	3873848
760	3873852
761	3873853
762	3873858
763	3873863
764	3873865
765	3873867
766	3873869
767	3873870
768	3873873
769	3873874
770	3873881
771	3873882
772	3873891
773	3873893
774	3873898
775	3873899
776	3873902
777	3873920
778	3873923
779	3873924
780	3873929
781	3873931
782	3873932
783	3873933
784	3873942
785	3873944
786	3873945
787	3873946
788	3873947
789	3873952
790	3873957
791	3873958
792	3873959
793	3873965
794	3873966
795	3873967
796	3873968
797	3873972
798	3873981
799	3873982
800	3873984
801	3873987
802	3873995
803	3873998
804	3873999
805	3874002
806	3874013
807	3874014
808	3874024
809	3874026
810	3874028
811	3874029
812	3874039
813	3874041
814	3874042
815	3874043
816	3874044
817	3874045
818	3874046
819	3874048
820	3874051
821	3874053
822	3874063
823	3874064
824	3874068
825	3874070
826	3874071
827	3874074
828	3874075
829	3874079
830	3874083
831	3874089
832	3874094
833	3874107
834	3874109
835	3874112
836	3874113
837	3874117
838	3874119
839	3874124
840	3874126
841	3874132
842	3874133
843	3874134
844	3874138
845	3874142
846	3874143
847	3874144
848	3874160
849	3874163
850	3874172
851	3874173
852	3874175
853	3874176
854	3874178
855	3874183
856	3874184
857	3874186
858	3874187
859	3874190
860	3874192
861	3874203
862	3874204
863	3874205
864	3874206
865	3874207
866	3874210
867	3874212
868	3874220
869	3874226
870	3874227
871	3874239
872	3874242
873	3874243
874	3874244
875	3874251
876	3874257
877	3874258
878	3874260
879	3874263
880	3874265
881	3874266
882	3874272
883	3874275
884	3874276
885	3874277
886	3874282
887	3874285
888	3874295
889	3874296
890	3874297
891	3874298
892	3874300
893	3874302
894	3874307
895	3874308
896	3874311
897	3874312
898	3874313
899	3874314
900	3874320
901	3874324
902	3874327
903	3874328
904	3874329
905	3874331
906	3874332
907	3874333
908	3874334
909	3874335
910	3874338
911	3874339
912	3874340
913	3874341
914	3874342
915	3874345
916	3874346
917	3874347
918	3874349
919	3874350
920	3874361
921	3874362
922	3874363
923	3874367
924	3874368
925	3874369
926	3874374
927	3874375
928	3874378
929	3874379
930	3874380
931	3874386
932	3874387
933	3874388
934	3874396
935	3874397
936	3874405
937	3874411
938	3874419
939	3874421
940	3874422
941	3874427
942	3874438
943	3874439
944	3874444
945	3874445
946	3874446
947	3874447
948	3874451
949	3874453
950	3874456
951	3874459
952	3874460
953	3874461
954	3874463
955	3874465
956	3874466
957	3874467
958	3874468
959	3874469
960	3874470
961	3874475
962	rv1180
963	rv1503c
964	rv1504c
965	rv1575
966	rv2160c
967	rv2562
968	rv3022c
969	rv3128c
970	rv3599c
971	rv3652
972	rv3776
