subgraph id = 6
Nreal : 78343
=================================
Partial list of 3003 members:

489	1	413	
489	1	417	
489	413	417	
507	246	306	
507	246	362	
507	246	440	
507	246	486	
507	306	362	
507	306	440	
507	306	486	
507	362	486	
507	440	486	
553	8	11	
553	9	11	
553	11	15	
553	11	25	
553	11	39	
553	11	47	
553	11	51	
553	11	81	
553	11	83	
553	11	94	
553	11	95	
553	11	107	
553	11	111	
553	11	121	
553	11	124	
553	11	126	
553	11	127	
553	11	133	
553	11	135	
553	11	148	
553	11	152	
553	11	164	
553	11	169	
553	11	170	
553	11	176	
553	11	179	
553	11	182	
553	11	195	
553	11	197	
553	11	215	
553	11	225	
553	11	229	
553	11	230	
553	11	245	
553	11	251	
553	11	256	
553	11	264	
553	11	289	
553	11	292	
553	11	295	
553	11	301	
553	11	306	
553	11	312	
553	11	320	
553	11	324	
553	11	327	
553	11	328	
553	11	329	
553	11	332	
553	11	335	
553	11	342	
553	11	343	
553	11	344	
553	11	349	
553	11	355	
553	11	368	
553	11	372	
553	11	380	
553	11	382	
553	11	385	
553	11	393	
553	11	419	
553	11	420	
553	11	440	
553	11	445	
553	11	447	
553	11	453	
553	11	463	
553	11	477	
553	11	482	
553	11	500	
553	11	509	
553	11	529	
553	11	532	
553	11	552	
553	8	552	
553	9	552	
553	15	552	
553	25	552	
553	39	552	
553	47	552	
553	51	552	
553	81	552	
553	83	552	
553	94	552	
553	95	552	
553	107	552	
553	111	552	
553	121	552	
553	124	552	
553	126	552	
553	127	552	
553	133	552	
553	135	552	
553	148	552	
553	152	552	
553	164	552	
553	169	552	
553	170	552	
553	176	552	
553	179	552	
553	182	552	
553	195	552	
553	197	552	
553	215	552	
553	225	552	
553	229	552	
553	230	552	
553	245	552	
553	251	552	
553	256	552	
553	264	552	
553	289	552	
553	292	552	
553	295	552	
553	301	552	
553	306	552	
553	312	552	
553	320	552	
553	324	552	
553	327	552	
553	328	552	
553	329	552	
553	332	552	
553	335	552	
553	342	552	
553	343	552	
553	344	552	
553	349	552	
553	355	552	
553	368	552	
553	372	552	
553	380	552	
553	382	552	
553	385	552	
553	393	552	
553	419	552	
553	420	552	
553	440	552	
553	445	552	
553	447	552	
553	453	552	
553	463	552	
553	477	552	
553	482	552	
553	500	552	
553	509	552	
553	529	552	
553	532	552	
553	8	111	
553	9	111	
553	15	111	
553	25	111	
553	39	111	
553	47	111	
553	51	111	
553	81	111	
553	83	111	
553	94	111	
553	95	111	
553	107	111	
553	111	121	
553	111	124	
553	111	126	
553	111	127	
553	111	133	
553	111	135	
553	111	148	
553	111	152	
553	111	164	
553	111	169	
553	111	170	
553	111	176	
553	111	179	
553	111	182	
553	111	195	
553	111	197	
553	111	215	
553	111	225	
553	111	229	
553	111	230	
553	111	245	
553	111	251	
553	111	256	
553	111	264	
553	111	289	
553	111	292	
553	111	295	
553	111	301	
553	111	306	
553	111	312	
553	111	320	
553	111	324	
553	111	327	
553	111	328	
553	111	329	
553	111	332	
553	111	335	
553	111	342	
553	111	343	
553	111	344	
553	111	349	
553	111	355	
553	111	368	
553	111	372	
553	111	380	
553	111	382	
553	111	385	
553	111	393	
553	111	419	
553	111	420	
553	111	440	
553	111	445	
553	111	447	
553	111	453	
553	111	463	
553	111	477	
553	111	482	
553	111	500	
553	111	509	
553	111	529	
553	111	532	
553	8	124	
553	9	124	
553	15	124	
553	25	124	
553	39	124	
553	47	124	
553	51	124	
553	81	124	
553	83	124	
553	94	124	
553	95	124	
553	107	124	
553	121	124	
553	124	126	
553	124	127	
553	124	133	
553	124	135	
553	124	148	
553	124	152	
553	124	164	
553	124	169	
553	124	170	
553	124	176	
553	124	179	
553	124	182	
553	124	195	
553	124	197	
553	124	215	
553	124	225	
553	124	229	
553	124	230	
553	124	245	
553	124	251	
553	124	256	
553	124	264	
553	124	289	
553	124	292	
553	124	295	
553	124	301	
553	124	306	
553	124	312	
553	124	320	
553	124	324	
553	124	327	
553	124	328	
553	124	329	
553	124	332	
553	124	335	
553	124	342	
553	124	343	
553	124	344	
553	124	349	
553	124	355	
553	124	368	
553	124	372	
553	124	380	
553	124	382	
553	124	385	
553	124	393	
553	124	419	
553	124	420	
553	124	440	
553	124	445	
553	124	447	
553	124	453	
553	124	463	
553	124	477	
553	124	482	
553	124	500	
553	124	509	
553	124	529	
553	124	532	
553	8	126	
553	9	126	
553	15	126	
553	25	126	
553	39	126	
553	47	126	
553	51	126	
553	81	126	
553	83	126	
553	94	126	
553	95	126	
553	107	126	
553	121	126	
553	126	127	
553	126	133	
553	126	135	
553	126	148	
553	126	152	
553	126	164	
553	126	169	
553	126	170	
553	126	176	
553	126	179	
553	126	182	
553	126	195	
553	126	197	
553	126	215	
553	126	225	
553	126	229	
553	126	230	
553	126	245	
553	126	251	
553	126	256	
553	126	264	
553	126	289	
553	126	292	
553	126	295	
553	126	301	
553	126	306	
553	126	312	
553	126	320	
553	126	324	
553	126	327	
553	126	328	
553	126	329	
553	126	332	
553	126	335	
553	126	342	
553	126	343	
553	126	344	
553	126	349	
553	126	355	
553	126	368	
553	126	372	
553	126	380	
553	126	382	
553	126	385	
553	126	393	
553	126	419	
553	126	420	
553	126	440	
553	126	445	
553	126	447	
553	126	453	
553	126	463	
553	126	477	
553	126	482	
553	126	500	
553	126	509	
553	126	529	
553	126	532	
553	8	127	
553	9	127	
553	15	127	
553	25	127	
553	39	127	
553	47	127	
553	51	127	
553	81	127	
553	83	127	
553	94	127	
553	95	127	
553	107	127	
553	121	127	
553	127	133	
553	127	135	
553	127	148	
553	127	152	
553	127	164	
553	127	169	
553	127	170	
553	127	176	
553	127	179	
553	127	182	
553	127	195	
553	127	197	
553	127	215	
553	127	225	
553	127	229	
553	127	230	
553	127	245	
553	127	251	
553	127	256	
553	127	264	
553	127	289	
553	127	292	
553	127	295	
553	127	301	
553	127	306	
553	127	312	
553	127	320	
553	127	324	
553	127	327	
553	127	328	
553	127	329	
553	127	332	
553	127	335	
553	127	342	
553	127	343	
553	127	344	
553	127	349	
553	127	355	
553	127	368	
553	127	372	
553	127	380	
553	127	382	
553	127	385	
553	127	393	
553	127	419	
553	127	420	
553	127	440	
553	127	445	
553	127	447	
553	127	453	
553	127	463	
553	127	477	
553	127	482	
553	127	500	
553	127	509	
553	127	529	
553	127	532	
553	8	135	
553	9	135	
553	15	135	
553	25	135	
553	39	135	
553	47	135	
553	51	135	
553	81	135	
553	83	135	
553	94	135	
553	95	135	
553	107	135	
553	121	135	
553	133	135	
553	135	148	
553	135	152	
553	135	164	
553	135	169	
553	135	170	
553	135	176	
553	135	179	
553	135	182	
553	135	195	
553	135	197	
553	135	215	
553	135	225	
553	135	229	
553	135	230	
553	135	245	
553	135	251	
553	135	256	
553	135	264	
553	135	289	
553	135	292	
553	135	295	
553	135	301	
553	135	306	
553	135	312	
553	135	320	
553	135	324	
553	135	327	
553	135	328	
553	135	329	
553	135	332	
553	135	335	
553	135	342	
553	135	343	
553	135	344	
553	135	349	
553	135	355	
553	135	368	
553	135	372	
553	135	380	
553	135	382	
553	135	385	
553	135	393	
553	135	419	
553	135	420	
553	135	440	
553	135	445	
553	135	447	
553	135	453	
553	135	463	
553	135	477	
553	135	482	
553	135	500	
553	135	509	
553	135	529	
553	135	532	
553	8	169	
553	9	169	
553	15	169	
553	25	169	
553	39	169	
553	47	169	
553	51	169	
553	81	169	
553	83	169	
553	94	169	
553	95	169	
553	107	169	
553	121	169	
553	133	169	
553	148	169	
553	152	169	
553	164	169	
553	169	170	
553	169	176	
553	169	179	
553	169	182	
553	169	195	
553	169	197	
553	169	215	
553	169	225	
553	169	229	
553	169	230	
553	169	245	
553	169	251	
553	169	256	
553	169	264	
553	169	289	
553	169	292	
553	169	295	
553	169	301	
553	169	306	
553	169	312	
553	169	320	
553	169	324	
553	169	327	
553	169	328	
553	169	329	
553	169	332	
553	169	335	
553	169	342	
553	169	343	
553	169	344	
553	169	349	
553	169	355	
553	169	368	
553	169	372	
553	169	380	
553	169	382	
553	169	385	
553	169	393	
553	169	419	
553	169	420	
553	169	440	
553	169	445	
553	169	447	
553	169	453	
553	169	463	
553	169	477	
553	169	482	
553	169	500	
553	169	509	
553	169	529	
553	169	532	
553	8	225	
553	9	225	
553	15	225	
553	25	225	
553	39	225	
553	47	225	
553	51	225	
553	81	225	
553	83	225	
553	94	225	
553	95	225	
553	107	225	
553	121	225	
553	133	225	
553	148	225	
553	152	225	
553	164	225	
553	170	225	
553	176	225	
553	179	225	
553	182	225	
553	195	225	
553	197	225	
553	215	225	
553	225	229	
553	225	230	
553	225	245	
553	225	251	
553	225	256	
553	225	264	
553	225	289	
553	225	292	
553	225	295	
553	225	301	
553	225	306	
553	225	312	
553	225	320	
553	225	324	
553	225	327	
553	225	328	
553	225	329	
553	225	332	
553	225	335	
553	225	342	
553	225	343	
553	225	344	
553	225	349	
553	225	355	
553	225	368	
553	225	372	
553	225	380	
553	225	382	
553	225	385	
553	225	393	
553	225	419	
553	225	420	
553	225	440	
553	225	445	
553	225	447	
553	225	453	
553	225	463	
553	225	477	
553	225	482	
553	225	500	
553	225	509	
553	225	529	
553	225	532	
553	8	301	
553	9	301	
553	15	301	
553	25	301	
553	39	301	
553	47	301	
553	51	301	
553	81	301	
553	83	301	
553	94	301	
553	95	301	
553	107	301	
553	121	301	
553	133	301	
553	148	301	
553	152	301	
553	164	301	
553	170	301	
553	176	301	
553	179	301	
553	182	301	
553	195	301	
553	197	301	
553	215	301	
553	229	301	
553	230	301	
553	245	301	
553	251	301	
553	256	301	
553	264	301	
553	289	301	
553	292	301	
553	295	301	
553	301	306	
553	301	312	
553	301	320	
553	301	324	
553	301	327	
553	301	328	
553	301	329	
553	301	332	
553	301	335	
553	301	342	
553	301	343	
553	301	344	
553	301	349	
553	301	355	
553	301	368	
553	301	372	
553	301	380	
553	301	382	
553	301	385	
553	301	393	
553	301	419	
553	301	420	
553	301	440	
553	301	445	
553	301	447	
553	301	453	
553	301	463	
553	301	477	
553	301	482	
553	301	500	
553	301	509	
553	301	529	
553	301	532	
554	22	512	
554	23	512	
554	72	512	
554	22	23	
554	22	72	
554	23	72	
586	67	224	
649	8	526	
649	9	526	
649	22	526	
649	23	526	
649	29	526	
649	30	526	
649	34	526	
649	39	526	
649	46	526	
649	56	526	
649	59	526	
649	62	526	
649	82	526	
649	90	526	
649	94	526	
649	95	526	
649	100	526	
649	116	526	
649	128	526	
649	137	526	
649	138	526	
649	139	526	
649	143	526	
649	145	526	
649	147	526	
649	151	526	
649	152	526	
649	161	526	
649	173	526	
649	174	526	
649	176	526	
649	184	526	
649	186	526	
649	199	526	
649	217	526	
649	219	526	
649	221	526	
649	230	526	
649	234	526	
649	238	526	
649	244	526	
649	265	526	
649	271	526	
649	272	526	
649	282	526	
649	286	526	
649	288	526	
649	289	526	
649	291	526	
649	293	526	
649	307	526	
649	310	526	
649	316	526	
649	333	526	
649	334	526	
649	338	526	
649	341	526	
649	345	526	
649	360	526	
649	363	526	
649	364	526	
649	365	526	
649	385	526	
649	389	526	
649	392	526	
649	396	526	
649	399	526	
649	422	526	
649	428	526	
649	429	526	
649	448	526	
649	450	526	
649	452	526	
649	461	526	
649	469	526	
649	474	526	
649	478	526	
649	486	526	
649	491	526	
649	504	526	
649	509	526	
649	520	526	
649	525	526	
649	526	561	
649	526	570	
649	526	576	
649	526	577	
649	526	578	
649	526	593	
649	526	595	
649	526	604	
649	526	619	
649	526	620	
649	526	621	
649	526	627	
649	526	628	
649	526	633	
649	526	639	
649	526	640	
649	526	641	
649	526	642	
649	8	34	
649	9	34	
649	22	34	
649	23	34	
649	29	34	
649	30	34	
649	34	39	
649	34	46	
649	34	56	
649	34	59	
649	34	62	
649	34	82	
649	34	90	
649	34	94	
649	34	95	
649	34	100	
649	34	116	
649	34	128	
649	34	137	
649	34	138	
649	34	139	
649	34	143	
649	34	145	
649	34	147	
649	34	151	
649	34	152	
649	34	161	
649	34	173	
649	34	174	
649	34	176	
649	34	184	
649	34	186	
649	34	199	
649	34	217	
649	34	219	
649	34	221	
649	34	230	
649	34	234	
649	34	238	
649	34	244	
649	34	265	
649	34	271	
649	34	272	
649	34	282	
649	34	286	
649	34	288	
649	34	289	
649	34	291	
649	34	293	
649	34	307	
649	34	310	
649	34	316	
649	34	333	
649	34	334	
649	34	338	
649	34	341	
649	34	345	
649	34	360	
649	34	363	
649	34	364	
649	34	365	
649	34	385	
649	34	389	
649	34	392	
649	34	396	
649	34	399	
649	34	422	
649	34	428	
649	34	429	
649	34	448	
649	34	450	
649	34	452	
649	34	461	
649	34	469	
649	34	474	
649	34	478	
649	34	486	
649	34	491	
649	34	504	
649	34	509	
649	34	520	
649	34	525	
649	34	561	
649	34	570	
649	34	576	
649	34	577	
649	34	578	
649	34	593	
649	34	595	
649	34	604	
649	34	619	
649	34	620	
649	34	621	
649	34	627	
649	34	628	
649	34	633	
649	34	639	
649	34	640	
649	34	641	
649	34	642	
649	8	59	
649	9	59	
649	22	59	
649	23	59	
649	29	59	
649	30	59	
649	39	59	
649	46	59	
649	47	59	
649	56	59	
649	59	62	
649	59	82	
649	59	90	
649	59	94	
649	59	95	
649	59	100	
649	59	116	
649	59	128	
649	59	137	
649	59	138	
649	59	139	
649	59	143	
649	59	145	
649	59	147	
649	59	151	
649	59	152	
649	59	161	
649	59	173	
649	59	174	
649	59	176	
649	59	184	
649	59	186	
649	59	199	
649	59	217	
649	59	219	
649	59	221	
649	59	230	
649	59	234	
649	59	238	
649	59	244	
649	59	265	
649	59	271	
649	59	272	
649	59	282	
649	59	286	
649	59	288	
649	59	289	
649	59	291	
649	59	293	
649	59	307	
649	59	310	
649	59	316	
649	59	333	
649	59	334	
649	59	338	
649	59	341	
649	59	345	
649	59	360	
649	59	363	
649	59	364	
649	59	365	
649	59	385	
649	59	389	
649	59	392	
649	59	396	
649	59	399	
649	59	422	
649	59	428	
649	59	429	
649	59	448	
649	59	450	
649	59	452	
649	59	461	
649	59	469	
649	59	474	
649	59	478	
507	246	723	
507	246	724	
507	246	725	
507	306	722	
507	306	723	
507	306	724	
507	306	725	
507	486	722	
507	486	723	
507	486	724	
507	486	725	
41	37	527	
41	37	681	
47	34	526	
47	34	525	
47	34	541	
47	34	542	
553	11	556	
553	11	566	
553	11	580	
553	11	581	
553	11	585	
553	11	590	
553	11	626	
553	11	629	
553	11	639	
553	11	640	
553	11	641	
553	11	642	
553	11	643	
553	11	656	
553	11	672	
553	11	673	
553	11	680	
553	11	688	
553	11	711	
553	11	719	
553	11	736	
553	11	770	
553	11	779	
553	11	793	
553	11	794	
553	11	795	
553	11	817	
553	11	818	
553	11	819	
553	11	832	
553	11	849	
553	11	870	
553	11	872	
553	11	873	
553	11	879	
553	11	883	
553	11	919	
553	11	926	
553	11	935	
553	11	950	
553	552	556	
553	552	566	
553	552	580	
553	552	581	
553	552	585	
553	552	590	
553	552	626	
553	552	629	
553	552	639	
553	552	640	
553	552	641	
553	552	642	
553	552	643	
553	552	656	
553	552	672	
553	552	673	
553	552	680	
553	552	688	
553	552	711	
553	552	719	
553	552	736	
553	552	770	
553	552	779	
553	552	793	
553	552	794	
553	552	795	
553	552	817	
553	552	818	
553	552	819	
553	552	832	
553	552	849	
553	552	870	
553	552	872	
553	552	873	
553	552	879	
553	552	883	
553	552	919	
553	552	926	
553	552	935	
553	552	950	
553	8	581	
553	9	581	
553	15	581	
553	25	581	
553	39	581	
553	47	581	
553	51	581	
553	81	581	
553	83	581	
553	94	581	
553	95	581	
553	107	581	
553	111	581	
553	121	581	
553	124	581	
553	126	581	
553	127	581	
553	133	581	
553	135	581	
553	148	581	
553	152	581	
553	164	581	
553	169	581	
553	170	581	
553	176	581	
553	179	581	
553	182	581	
553	195	581	
553	197	581	
553	215	581	
553	225	581	
553	229	581	
553	230	581	
553	245	581	
553	251	581	
553	256	581	
553	264	581	
553	289	581	
553	292	581	
553	295	581	
553	301	581	
553	306	581	
553	312	581	
553	320	581	
553	324	581	
553	327	581	
553	328	581	
553	329	581	
553	332	581	
553	335	581	
553	342	581	
553	343	581	
553	344	581	
553	349	581	
553	355	581	
553	368	581	
553	372	581	
553	380	581	
553	382	581	
553	385	581	
553	393	581	
553	419	581	
553	420	581	
553	440	581	
553	445	581	
553	447	581	
553	453	581	
553	463	581	
553	477	581	
553	482	581	
553	500	581	
553	509	581	
553	529	581	
553	532	581	
553	111	556	
553	111	566	
553	111	580	
553	111	585	
553	111	590	
553	111	626	
553	111	629	
553	111	639	
553	111	640	
553	111	641	
553	111	642	
553	111	643	
553	111	656	
553	111	672	
553	111	673	
553	111	680	
553	111	688	
553	111	711	
553	111	719	
553	111	736	
553	111	770	
553	111	779	
553	111	793	
553	111	794	
553	111	795	
553	111	817	
553	111	818	
553	111	819	
553	111	832	
553	111	849	
553	111	870	
553	111	872	
553	111	873	
553	111	879	
553	111	883	
553	111	919	
553	111	926	
553	111	935	
553	111	950	
553	124	556	
553	124	566	
553	124	580	
553	124	585	
553	124	590	
553	124	626	
553	124	629	
553	124	639	
553	124	640	
553	124	641	
553	124	642	
553	124	643	
553	124	656	
553	124	672	
553	124	673	
553	124	680	
553	124	688	
553	124	711	
553	124	719	
553	124	736	
553	124	770	
553	124	779	
553	124	793	
553	124	794	
553	124	795	
553	124	817	
553	124	818	
553	124	819	
553	124	832	
553	124	849	
553	124	870	
553	124	872	
553	124	873	
553	124	879	
553	124	883	
553	124	919	
553	124	926	
553	124	935	
553	124	950	
553	126	556	
553	126	566	
553	126	580	
553	126	585	
553	126	590	
553	126	626	
553	126	629	
553	126	639	
553	126	640	
553	126	641	
553	126	642	
553	126	643	
553	126	656	
553	126	672	
553	126	673	
553	126	680	
553	126	688	
553	126	711	
553	126	719	
553	126	736	
553	126	770	
553	126	779	
553	126	793	
553	126	794	
553	126	795	
553	126	817	
553	126	818	
553	126	819	
553	126	832	
553	126	849	
553	126	870	
553	126	872	
553	126	873	
553	126	879	
553	126	883	
553	126	919	
553	126	926	
553	126	935	
553	126	950	
553	127	556	
553	127	566	
553	127	580	
553	127	585	
553	127	590	
553	127	626	
553	127	629	
553	127	639	
553	127	640	
553	127	641	
553	127	642	
553	127	643	
553	127	656	
553	127	672	
553	127	673	
553	127	680	
553	127	688	
553	127	711	
553	127	719	
553	127	736	
553	127	770	
553	127	779	
553	127	793	
553	127	794	
553	127	795	
553	127	817	
553	127	818	
553	127	819	
553	127	832	
553	127	849	
553	127	870	
553	127	872	
553	127	873	
553	127	879	
553	127	883	
553	127	919	
553	127	926	
553	127	935	
553	127	950	
553	135	556	
553	135	566	
553	135	580	
553	135	585	
553	135	590	
553	135	626	
553	135	629	
553	135	639	
553	135	640	
553	135	641	
553	135	642	
553	135	643	
553	135	656	
553	135	672	
553	135	673	
553	135	680	
553	135	688	
553	135	711	
553	135	719	
553	135	736	
553	135	770	
553	135	779	
553	135	793	
553	135	794	
553	135	795	
553	135	817	
553	135	818	
553	135	819	
553	135	832	
553	135	849	
553	135	870	
553	135	872	
553	135	873	
553	135	879	
553	135	883	
553	135	919	
553	135	926	
553	135	935	
553	135	950	
553	169	556	
553	169	566	
553	169	580	
553	169	585	
553	169	590	
553	169	626	
553	169	629	
553	169	639	
553	169	640	
553	169	641	
553	169	642	
553	169	643	
553	169	656	
553	169	672	
553	169	673	
553	169	680	
553	169	688	
553	169	711	
553	169	719	
553	169	736	
553	169	770	
553	169	779	
553	169	793	
553	169	794	
553	169	795	
553	169	817	
553	169	818	
553	169	819	
553	169	832	
553	169	849	
553	169	870	
553	169	872	
553	169	873	
553	169	879	
553	169	883	
553	169	919	
553	169	926	
553	169	935	
553	169	950	
553	225	556	
553	225	566	
553	225	580	
553	225	585	
553	225	590	
553	225	626	
553	225	629	
553	225	639	
553	225	640	
553	225	641	
553	225	642	
553	225	643	
553	225	656	
553	225	672	
553	225	673	
553	225	680	
553	225	688	
553	225	711	
553	225	719	
553	225	736	
553	225	770	
553	225	779	
553	225	793	
553	225	794	
553	225	795	
553	225	817	
553	225	818	
553	225	819	
553	225	832	
553	225	849	
553	225	870	
553	225	872	
553	225	873	
553	225	879	
553	225	883	
553	225	919	
553	225	926	
553	225	935	
553	225	950	
553	301	556	
553	301	566	
553	301	580	
553	301	585	
553	301	590	
553	301	626	
553	301	629	
553	301	639	
553	301	640	
553	301	641	
553	301	642	
553	301	643	
553	301	656	
553	301	672	
553	301	673	
553	301	680	
553	301	688	
553	301	711	
553	301	719	
553	301	736	
553	301	770	
553	301	779	
553	301	793	
553	301	794	
553	301	795	
553	301	817	
553	301	818	
553	301	819	
553	301	832	
553	301	849	
553	301	870	
553	301	872	
553	301	873	
553	301	879	
553	301	883	
553	301	919	
553	301	926	
553	301	935	
553	301	950	
586	67	914	
586	224	914	
134	7	649	
134	13	649	
134	14	649	
134	37	649	
134	45	649	
134	58	649	
134	63	649	
134	71	649	
134	73	649	
134	84	649	
134	92	649	
134	93	649	
134	112	649	
134	113	649	
134	126	649	
134	7	825	
134	13	825	
134	14	825	
134	22	825	
134	23	825	
134	37	825	
134	45	825	
134	47	825	
134	58	825	
134	63	825	
134	71	825	
134	73	825	
134	84	825	
134	92	825	
134	93	825	
134	112	825	
134	113	825	
134	126	825	
649	526	657	
649	526	659	
649	526	666	
649	526	690	
649	526	700	
649	526	715	
649	526	726	
649	526	728	
649	526	733	
649	526	745	
649	526	761	
649	526	764	
649	526	768	
649	526	770	
649	526	772	
649	526	781	
649	526	782	
649	526	783	
649	526	797	
649	526	800	
649	526	802	
649	526	804	
649	526	805	
649	526	817	
649	526	818	
649	526	824	
649	526	825	
649	526	830	
649	526	839	
649	526	840	
649	526	845	
649	526	852	
649	526	864	
649	526	871	
649	526	894	
649	526	895	
649	526	897	
649	526	898	
649	526	912	
649	526	920	
649	526	921	
649	526	922	
649	526	924	
649	526	928	
649	526	939	
649	526	941	
649	526	942	
649	526	945	
649	526	946	
649	526	947	
649	526	950	
649	526	955	
649	526	956	
649	526	957	
649	526	958	
649	526	963	
649	526	964	
649	34	657	
649	34	659	
649	34	666	
649	34	690	
649	34	700	
649	34	715	
649	34	726	
649	34	728	
649	34	733	
649	34	745	
649	34	761	
649	34	764	
649	34	768	
649	34	770	
649	34	772	
649	34	781	
649	34	782	
649	34	783	
649	34	797	
649	34	800	
649	34	802	
649	34	804	
649	34	805	
649	34	817	
649	34	818	
649	34	824	
649	34	825	
649	34	830	
649	34	839	
649	34	840	
649	34	845	
649	34	852	
649	34	864	
649	34	871	
649	34	894	
649	34	895	
649	34	897	
649	34	898	
649	34	912	
649	34	920	
649	34	921	
649	34	922	
649	34	924	
649	34	928	
649	34	939	
649	34	941	
649	34	942	
649	34	945	
649	34	946	
649	34	947	
649	34	950	
649	34	955	
649	34	956	
649	34	957	
649	34	958	
649	34	963	
649	34	964	
649	59	657	
649	59	659	
649	59	666	
649	59	690	
649	59	700	
649	59	715	
649	59	726	
649	59	728	
649	59	733	
649	59	745	
649	59	761	
649	59	764	
649	59	768	
649	59	770	
649	59	772	
649	59	781	
649	59	782	
649	59	783	
649	59	797	
649	59	800	
649	59	802	
649	59	804	
649	59	805	
649	59	817	
649	59	818	
649	59	824	
649	59	830	
649	59	839	
649	59	840	
649	59	845	
649	59	852	
649	59	864	
649	59	871	
649	59	894	
649	59	895	
649	59	897	
649	59	898	
649	59	912	
649	59	920	
649	59	921	
649	59	922	
649	59	924	
649	59	928	
649	59	939	
649	59	941	
649	59	942	
649	59	945	
649	59	946	
649	59	947	
649	59	950	
649	59	955	
649	59	956	
649	59	957	
649	59	958	
649	59	963	
649	59	964	
649	561	657	
649	561	659	
649	561	666	
649	561	690	
649	561	700	
649	561	715	
649	561	726	
649	561	728	
649	561	733	
649	561	745	
649	561	761	
649	561	764	
649	561	768	
649	561	770	
649	561	772	
649	561	781	
649	561	782	
649	561	783	
649	561	797	
649	561	800	
649	561	802	
649	561	804	
649	561	805	
649	561	817	
649	561	818	
649	561	824	
649	561	825	
649	561	830	
649	561	839	
649	561	840	
649	561	845	
649	561	852	
649	561	864	
649	561	871	
649	561	894	
649	561	895	
649	561	897	
649	561	898	
649	561	912	
649	561	920	
649	561	921	
649	561	922	
649	561	924	
649	561	928	
649	561	939	
649	561	941	
649	561	942	
649	561	945	
649	561	946	
649	561	947	
649	561	950	
649	561	955	
649	561	956	
649	561	957	
649	561	958	
649	561	963	
649	561	964	
649	604	657	
649	604	659	
649	604	666	
649	604	690	
649	604	700	
649	604	715	
649	604	726	
649	604	728	
649	604	733	
649	604	745	
649	604	761	
649	604	764	
649	604	768	
649	604	770	
649	604	772	
649	604	781	
649	604	782	
649	604	783	
649	604	797	
649	604	800	
649	604	802	
649	604	804	
649	604	805	
649	604	817	
649	604	818	
649	604	824	
649	604	825	
649	604	830	
649	604	839	
649	604	840	
649	604	845	
649	604	852	
649	604	864	
649	604	871	
649	604	894	
649	604	895	
649	604	897	
649	604	898	
649	604	912	
649	604	920	
649	604	921	
649	604	922	
649	604	924	
649	604	928	
649	604	939	
649	604	941	
649	604	942	
649	604	945	
649	604	946	
649	604	947	
649	604	950	
649	604	955	
649	604	956	
649	604	957	
649	604	958	
649	604	963	
649	604	964	
649	139	657	
649	139	659	
649	139	666	
649	139	690	
649	139	700	
649	139	715	
649	139	726	
649	139	728	
649	139	733	
649	139	745	
649	139	761	
649	139	764	
649	139	768	
649	139	770	
649	139	772	
649	139	781	
649	139	782	
649	139	783	
649	139	797	
649	139	800	
649	139	802	
649	139	804	
649	139	805	
649	139	817	
649	139	818	
649	139	824	
649	139	825	
649	139	830	
649	139	839	
649	139	840	
649	139	845	
649	139	852	
649	139	864	
649	139	871	
649	139	894	
649	139	895	
649	139	897	
649	139	898	
649	139	912	
649	139	920	
649	139	921	
649	139	922	
649	139	924	
649	139	928	
649	139	939	
649	139	941	
649	139	942	
649	139	945	
649	139	946	
649	139	947	
649	139	950	
649	139	955	
649	139	956	
649	139	957	
649	139	958	
649	139	963	
649	139	964	
649	619	657	
649	619	659	
649	619	666	
649	619	690	
649	619	700	
649	619	715	
649	619	726	
649	619	728	
649	619	733	
649	619	745	
649	619	761	
649	619	764	
649	619	768	
649	619	770	
649	619	772	
649	619	781	
649	619	782	
649	619	783	
649	619	797	
649	619	800	
649	619	802	
649	619	804	
649	619	805	
649	619	817	
649	619	818	
649	619	824	
649	619	825	
649	619	830	
649	619	839	
649	619	840	
649	619	845	
649	619	852	
649	619	864	
649	619	871	
649	619	894	
649	619	895	
649	619	897	
649	619	898	
649	619	912	
649	619	920	
649	619	921	
649	619	922	
649	619	924	
649	619	928	
649	619	939	
649	619	941	
649	619	942	
649	619	945	
649	619	946	
649	619	947	
649	619	950	
649	619	955	
649	619	956	
649	619	957	
649	619	958	
649	619	963	
649	619	964	
649	145	657	
649	145	659	
649	145	666	
649	145	690	
649	145	700	
649	145	715	
649	145	726	
649	145	728	
649	145	733	
649	145	745	
649	145	761	
649	145	764	
649	145	768	
649	145	770	
649	145	772	
649	145	781	
649	145	782	
649	145	783	
649	145	797	
649	145	800	
649	145	802	
649	145	804	
649	145	805	
649	145	817	
649	145	818	
649	145	824	
649	145	825	
649	145	830	
649	145	839	
649	145	840	
649	145	845	
649	145	852	
649	145	864	
649	145	871	
649	145	894	
649	145	895	
649	145	897	
649	145	898	
649	145	912	
649	145	920	
649	145	921	
649	145	922	
649	145	924	
649	145	928	
649	145	939	
649	145	941	
649	145	942	
649	145	945	
649	145	946	
649	145	947	
649	145	950	
649	145	955	
649	145	956	
649	145	957	
649	145	958	
649	145	963	
649	145	964	
649	620	657	
649	620	659	
649	620	666	
649	620	690	
649	620	700	
649	620	715	
649	620	726	
649	620	728	
649	620	733	
649	620	745	
649	620	761	
649	620	764	
649	620	768	
649	620	770	
649	620	772	
649	620	781	
649	620	782	
649	620	783	
649	620	797	
649	620	800	
649	620	802	
649	620	804	
649	620	805	
649	620	817	
649	620	818	
649	620	824	
649	620	825	
649	620	830	
28	73	210	
41	527	681	
47	525	526	
47	526	541	
47	526	542	
47	525	541	
47	541	542	
47	525	542	
64	138	170	
64	138	227	
64	138	304	
64	138	324	
64	138	382	
64	138	409	
64	138	618	
64	138	639	
64	138	640	
64	138	641	
64	138	642	
64	138	656	
64	138	738	
64	138	739	
64	138	893	
64	170	227	
64	227	304	
64	227	324	
64	227	382	
64	227	409	
64	227	618	
64	227	639	
64	227	640	
64	227	641	
64	227	642	
64	227	656	
64	227	738	
64	227	739	
64	227	893	
64	170	409	
64	304	409	
64	324	409	
64	382	409	
64	409	618	
64	409	639	
64	409	640	
64	409	641	
64	409	642	
64	409	656	
64	409	738	
64	409	739	
64	409	893	
64	170	893	
64	304	893	
64	324	893	
64	382	893	
64	618	893	
64	639	893	
64	640	893	
64	641	893	
64	642	893	
64	656	893	
64	738	893	
64	739	893	
553	556	581	
553	566	581	
553	580	581	
553	581	585	
553	581	590	
553	581	626	
553	581	629	
553	581	639	
553	581	640	
553	581	641	
553	581	642	
553	581	643	
553	581	656	
553	581	672	
553	581	673	
553	581	680	
553	581	688	
553	581	711	
553	581	719	
553	581	736	
553	581	770	
553	581	779	
553	581	793	
553	581	794	
553	581	795	
553	581	817	
553	581	818	
553	581	819	
553	581	832	
553	581	849	
553	581	870	
553	581	872	
553	581	873	
553	581	879	
553	581	883	
553	581	919	
553	581	926	
553	581	935	
553	581	950	
75	87	115	
75	115	146	
75	87	146	
100	153	223	
100	153	356	
100	153	572	
100	223	356	
100	223	572	
100	356	572	
134	178	649	
134	179	649	
134	233	649	
134	235	649	
134	258	649	
134	262	649	
134	304	649	
134	306	649	
134	314	649	
134	321	649	
134	324	649	
134	325	649	
134	337	649	
134	344	649	
134	351	649	
134	362	649	
134	379	649	
134	383	649	
134	384	649	
134	386	649	
134	415	649	
134	419	649	
134	446	649	
134	449	649	
134	451	649	
134	479	649	
134	495	649	
134	508	649	
134	515	649	
134	527	649	
134	605	649	
134	606	649	
134	607	649	
134	608	649	
134	614	649	
134	638	649	
134	649	665	
134	649	688	
134	649	703	
134	649	710	
134	649	712	
134	649	741	
134	649	743	
134	649	747	
134	649	752	
134	649	758	
134	649	769	
134	649	789	
134	649	813	
134	649	814	
134	649	815	
134	649	816	
134	649	884	
134	649	908	
134	649	923	
134	649	954	
134	649	960	
134	649	970	
134	152	825	
134	173	825	
134	174	825	
134	178	825	
134	179	825	
134	233	825	
134	235	825	
134	244	825	
134	258	825	
134	262	825	
134	265	825	
134	304	825	
134	306	825	
134	314	825	
134	321	825	
134	325	825	
134	337	825	
134	344	825	
134	351	825	
134	379	825	
134	384	825	
134	385	825	
134	386	825	
134	396	825	
134	415	825	
134	446	825	
134	449	825	
134	450	825	
134	451	825	
134	479	825	
134	495	825	
134	508	825	
134	515	825	
134	525	825	
134	526	825	
134	527	825	
134	605	825	
134	606	825	
134	607	825	
134	608	825	
134	614	825	
134	619	825	
134	620	825	
134	621	825	
134	638	825	
134	639	825	
134	640	825	
134	641	825	
134	642	825	
134	659	825	
134	665	825	
134	688	825	
134	703	825	
134	710	825	
134	712	825	
134	741	825	
134	743	825	
134	747	825	
134	752	825	
134	758	825	
134	769	825	
134	789	825	
134	800	825	
134	813	825	
134	814	825	
134	815	825	
134	816	825	
134	825	839	
134	825	884	
134	825	908	
134	825	920	
134	825	921	
134	825	922	
134	825	923	
134	825	939	
134	825	954	
134	825	960	
134	825	970	
649	657	745	
649	659	745	
649	666	745	
649	690	745	
649	700	745	
649	715	745	
649	726	745	
649	728	745	
649	733	745	
649	745	761	
649	745	764	
649	745	768	
649	745	770	
649	745	772	
649	745	781	
649	745	782	
649	745	783	
649	745	797	
649	745	800	
649	745	802	
649	745	804	
649	745	805	
649	745	817	
649	745	818	
649	745	824	
649	745	825	
649	745	830	
649	745	839	
649	745	840	
649	745	845	
649	745	852	
649	745	864	
649	745	871	
649	745	894	
649	745	895	
649	745	897	
649	745	898	
649	745	912	
649	745	920	
649	745	921	
649	745	922	
649	745	924	
649	745	928	
649	745	939	
649	745	941	
649	745	942	
649	745	945	
649	745	946	
649	745	947	
649	745	950	
649	745	955	
649	745	956	
649	745	957	
649	745	958	
649	745	963	
649	745	964	
649	657	797	
649	659	797	
649	666	797	
649	690	797	
649	700	797	
649	715	797	
649	726	797	
649	728	797	
649	733	797	
649	761	797	
649	764	797	
649	768	797	
649	770	797	
649	772	797	
649	781	797	
649	782	797	
649	783	797	
649	797	800	
649	797	802	
649	797	804	
649	797	805	
649	797	817	
649	797	818	
649	797	824	
649	797	825	
649	797	830	
649	797	839	
649	797	840	
649	797	845	
649	797	852	
649	797	864	
649	797	871	
649	797	894	
649	797	895	
649	797	897	
649	797	898	
649	797	912	
649	797	920	
649	797	921	
649	797	922	
649	797	924	
649	797	928	
649	797	939	
649	797	941	
649	797	942	
649	797	945	
649	797	946	
649	797	947	
649	797	950	
649	797	955	
649	797	956	
649	797	957	
649	797	958	
649	797	963	
649	797	964	
649	657	825	
649	659	825	
649	666	825	
649	690	825	
649	700	825	
649	715	825	
649	728	825	
649	733	825	
649	761	825	
649	768	825	
649	772	825	
649	781	825	
649	782	825	
649	783	825	
649	800	825	
649	802	825	
649	804	825	
649	805	825	
649	817	825	
649	818	825	
649	824	825	
649	825	830	
649	825	839	
649	825	840	
649	825	845	
649	825	852	
649	825	864	
649	825	871	
649	825	894	
649	825	895	
649	825	897	
649	825	898	
649	825	912	
649	825	920	
649	825	921	
649	825	922	
649	825	924	
649	825	928	
649	825	939	
649	825	941	
649	825	942	
649	825	945	
649	825	946	
649	825	947	
649	825	950	
649	825	955	
649	825	956	
649	825	963	
649	825	964	
649	657	830	
649	659	830	
649	666	830	
649	690	830	
649	700	830	
649	715	830	
649	726	830	
649	728	830	
649	733	830	
649	761	830	
649	764	830	
649	768	830	
649	770	830	
649	772	830	
649	781	830	
649	782	830	
649	783	830	
649	800	830	
649	802	830	
649	804	830	
649	805	830	
649	817	830	
649	818	830	
649	824	830	
649	830	839	
649	830	840	
649	830	845	
649	830	852	
649	830	864	
649	830	871	
649	830	894	
649	830	895	
649	830	897	
649	830	898	
649	830	912	
649	830	920	
649	830	921	
649	830	922	
649	830	924	
649	830	928	
649	830	939	
649	830	941	
649	830	942	
649	830	945	
649	830	946	
649	830	947	
649	830	950	
649	830	955	
649	830	956	
649	830	957	
649	830	958	
649	830	963	
649	830	964	
649	657	912	
649	659	912	
649	666	912	
649	690	912	
649	700	912	
649	715	912	
649	726	912	
649	728	912	
649	733	912	
649	761	912	
649	764	912	
649	768	912	
649	770	912	
649	772	912	
649	781	912	
649	782	912	
649	783	912	
649	800	912	
649	802	912	
649	804	912	
649	805	912	
649	817	912	
649	818	912	
649	824	912	
649	839	912	
649	840	912	
649	845	912	
649	852	912	
649	864	912	
649	871	912	
649	894	912	
649	895	912	
649	897	912	
649	898	912	
649	912	920	
649	912	921	
649	912	922	
649	912	924	
649	912	928	
649	912	939	
649	912	941	
649	912	942	
649	912	945	
649	912	946	
649	912	947	
649	912	950	
649	912	955	
649	912	956	
649	912	957	
649	912	958	
649	912	963	
649	912	964	
746	823	854	
746	823	856	
746	823	857	
746	823	894	
746	823	895	
746	823	918	
746	823	929	
746	854	856	
746	854	857	
746	854	894	
746	854	895	
746	854	918	
746	854	929	
746	856	857	
746	856	894	
746	856	895	
746	856	918	
746	856	929	
746	857	894	
746	857	895	
746	857	918	
746	857	929	
746	894	895	
746	895	918	
746	895	929	
746	894	918	
746	918	929	
746	894	929	
300	346	502	
300	372	502	
300	390	502	
300	450	502	
300	502	503	
300	502	639	
300	502	640	
300	502	641	
300	502	642	
300	502	717	
300	502	729	
300	502	786	
300	502	847	
300	502	848	
300	502	872	
300	502	873	
300	502	920	
300	502	921	
300	502	922	
300	502	950	
300	502	968	
300	346	503	
300	372	503	
300	390	503	
300	450	503	
300	503	639	
300	503	640	
300	503	641	
300	503	642	
300	503	717	
300	503	729	
300	503	786	
300	503	847	
300	503	848	
300	503	872	
300	503	873	
300	503	920	
300	503	921	
300	503	922	
300	503	950	
300	503	968	
300	346	639	
300	372	639	
300	390	639	
300	450	639	
300	639	640	
300	639	641	
300	639	642	
300	639	717	
300	639	729	
300	639	786	
300	639	847	
300	639	848	
300	639	872	
300	639	873	
300	639	920	
300	639	921	
300	639	922	
300	639	950	
300	639	968	
300	346	717	
300	372	717	
300	390	717	
300	450	717	
300	640	717	
300	641	717	
300	642	717	
300	717	729	
300	717	786	
300	717	847	
300	717	848	
300	717	872	
300	717	873	
300	717	920	
300	717	921	
300	717	922	
300	717	950	
300	717	968	
300	346	729	
300	372	729	
300	390	729	
300	450	729	
300	640	729	
300	641	729	
300	642	729	
300	729	786	
300	729	847	
300	729	848	
300	729	872	
300	729	873	
300	729	920	
300	729	921	
300	729	922	
300	729	950	
300	729	968	
300	346	786	
300	372	786	
300	390	786	
300	450	786	
300	640	786	
300	641	786	
300	642	786	
300	786	847	
300	786	848	
300	786	872	
300	786	873	
300	786	920	
300	786	921	
300	786	922	
300	786	950	
300	786	968	
300	346	372	
300	346	390	
300	346	450	
300	346	640	
300	346	641	
300	346	642	
300	346	847	
300	346	848	
300	346	872	
300	346	873	
300	346	920	
300	346	921	
300	346	922	
300	346	950	
300	346	968	
300	372	847	
300	390	847	
300	450	847	
300	640	847	
300	641	847	
300	642	847	
300	847	848	
300	847	872	
300	847	873	
300	847	920	
300	847	921	
300	847	922	
300	847	950	
300	847	968	
300	372	848	
300	390	848	
300	450	848	
300	640	848	
300	641	848	
300	642	848	
300	848	872	
300	848	873	
300	848	920	
300	848	921	
300	848	922	
300	848	950	
300	848	968	
300	372	390	
300	372	450	
300	372	640	
300	372	641	
300	372	642	
300	372	872	
300	372	873	
300	372	920	
300	372	921	
300	372	922	
300	372	950	
300	372	968	
300	390	968	
300	450	968	
300	640	968	
300	641	968	
300	642	968	
300	872	968	
300	873	968	
300	920	968	
300	921	968	
300	922	968	
300	950	968	
300	390	450	
300	390	640	
300	390	641	
300	390	642	
300	390	872	
300	390	873	
300	390	920	
300	390	921	
300	390	922	
300	390	950	
300	450	872	
300	640	872	
300	641	872	
300	642	872	
300	872	873	
300	872	920	
300	872	921	
300	872	922	
300	872	950	
300	450	640	
300	450	641	
300	450	642	
300	450	873	
300	450	920	
300	450	921	
300	450	922	
300	450	950	
300	640	950	
300	641	950	
300	642	950	
300	873	950	
300	920	950	
300	921	950	
300	922	950	
826	831	834	
826	831	861	
826	831	864	
826	831	868	
826	831	869	
826	831	890	
826	831	891	
826	831	892	
826	831	949	
826	834	861	
826	834	864	
826	834	868	
826	834	869	
826	834	890	
826	834	891	
826	834	892	
826	834	949	
826	861	890	
826	864	890	
826	868	890	
826	869	890	
826	890	891	
826	890	892	
826	890	949	
826	861	891	
826	864	891	
826	868	891	
826	869	891	
826	891	892	
826	891	949	
826	861	892	
826	864	892	
826	868	892	
826	869	892	
826	892	949	
826	861	949	
826	864	949	
826	868	949	
826	869	949	
826	861	869	
826	864	869	
826	868	869	
828	829	858	
828	858	886	
828	858	972	
828	829	886	
828	886	972	
828	829	972	
377	662	706	
382	435	562	
382	562	699	
382	562	700	
382	562	711	
382	562	712	
382	562	736	
382	562	737	
382	562	740	
382	562	741	
382	562	743	
382	562	810	
382	562	813	
382	562	814	
382	562	815	
382	562	816	
382	562	861	
382	562	862	
382	562	863	
382	562	864	
382	562	865	
382	562	949	
382	562	969	
382	435	699	
382	699	700	
382	699	711	
382	699	712	
382	699	736	
382	699	737	
382	699	740	
382	699	741	
382	699	743	
382	699	810	
382	699	813	
382	699	814	
382	699	815	
382	699	816	
382	699	861	
382	699	862	
382	699	863	
382	699	864	
382	699	865	
382	699	949	
382	699	969	
382	435	700	
382	700	711	
382	700	712	
382	700	736	
382	700	737	
382	700	740	
382	700	741	
382	700	743	
382	700	810	
382	700	813	
382	700	814	
382	700	815	
382	700	816	
382	700	861	
382	700	862	
382	700	863	
382	700	864	
382	700	865	
382	700	949	
382	700	969	
382	435	712	
382	711	712	
382	712	736	
382	712	737	
382	712	740	
382	712	741	
382	712	743	
382	712	810	
382	712	813	
382	712	814	
382	712	815	
382	712	816	
382	712	861	
382	712	862	
382	712	863	
382	712	864	
382	712	865	
382	712	949	
382	712	969	
382	435	736	
382	711	736	
382	736	737	
382	736	740	
382	736	741	
382	736	743	
382	736	810	
382	736	813	
382	736	814	
382	736	815	
382	736	816	
382	736	861	
382	736	862	
382	736	863	
382	736	864	
382	736	865	
382	736	949	
382	736	969	
382	435	740	
382	711	740	
382	737	740	
382	740	741	
382	740	743	
382	740	810	
382	740	813	
382	740	814	
382	740	815	
382	740	816	
382	740	861	
382	740	862	
382	740	863	
382	740	864	
382	740	865	
382	740	949	
382	740	969	
382	435	741	
382	711	741	
382	737	741	
382	741	743	
382	741	810	
382	741	813	
382	741	814	
382	741	815	
382	741	816	
382	741	861	
382	741	862	
382	741	863	
382	741	864	
382	741	865	
382	741	949	
382	741	969	
382	435	743	
382	711	743	
382	737	743	
382	743	810	
382	743	813	
382	743	814	
382	743	815	
382	743	816	
382	743	861	
382	743	862	
382	743	863	
382	743	864	
382	743	865	
382	743	949	
382	743	969	
382	435	814	
382	711	814	
382	737	814	
382	810	814	
382	813	814	
382	814	815	
382	814	816	
382	814	861	
382	814	862	
382	814	863	
382	814	864	
382	814	865	
382	814	949	
382	814	969	
382	435	815	
382	711	815	
382	737	815	
382	810	815	
382	813	815	
382	815	816	
382	815	861	
382	815	862	
382	815	863	
382	815	864	
382	815	865	
382	815	949	
382	815	969	
382	435	862	
382	711	862	
382	737	862	
382	810	862	
382	813	862	
382	816	862	
382	861	862	
382	862	863	
382	862	864	
382	862	865	
382	862	949	
382	862	969	
382	435	864	
382	711	864	
382	737	864	
382	810	864	
382	813	864	
382	816	864	
382	861	864	
382	863	864	
382	864	865	
382	864	949	
382	864	969	
382	435	865	
382	711	865	
382	737	865	
382	810	865	
382	813	865	

subgraph id = 12
Nreal : 1626
=================================
Full list of 1626 members:

734	489	413	
734	489	417	
134	47	34	
263	47	34	
382	47	34	
553	47	34	
889	47	34	
826	649	526	
826	649	34	
826	649	59	
826	649	561	
826	649	604	
826	649	139	
826	649	619	
826	649	145	
826	649	620	
826	649	151	
826	649	176	
826	649	199	
826	649	265	
826	649	307	
400	222	183	
730	727	87	
730	727	149	
730	727	194	
932	300	31	
932	300	38	
932	300	39	
932	300	241	
932	300	242	
932	300	248	
932	300	266	
932	300	267	
826	240	173	
826	240	174	
826	263	47	
826	263	246	
826	263	262	
877	377	162	
877	377	273	
459	382	13	
485	382	13	
553	382	13	
948	382	13	
459	382	73	
485	382	73	
553	382	73	
948	382	73	
459	382	232	
485	382	232	
553	382	232	
948	382	232	
459	382	233	
485	382	233	
553	382	233	
948	382	233	
459	382	258	
485	382	258	
553	382	258	
948	382	258	
459	382	262	
485	382	262	
553	382	262	
948	382	262	
459	382	324	
485	382	324	
948	382	324	
932	300	243	
459	382	14	
485	382	14	
553	382	14	
948	382	14	
459	382	71	
485	382	71	
553	382	71	
948	382	71	
459	382	72	
485	382	72	
553	382	72	
948	382	72	
459	382	325	
485	382	325	
553	382	325	
948	382	325	
459	382	348	
485	382	348	
553	382	348	
948	382	348	
649	46	2	
649	46	19	
649	46	33	
649	46	13	
649	46	31	
649	46	45	
553	382	59	
826	649	47	
730	727	196	
730	727	442	
826	825	59	
826	825	810	
459	382	47	
485	382	47	
948	382	47	
459	382	59	
485	382	59	
948	382	59	
826	649	62	
826	649	595	
826	649	217	
826	649	271	
826	649	291	
826	649	293	
826	649	334	
826	649	365	
826	649	448	
826	649	520	
826	649	137	
826	649	628	
826	649	316	
826	649	396	
826	649	8	
826	649	504	
826	649	509	
826	649	22	
826	649	29	
826	649	30	
649	46	14	
649	46	20	
826	649	46	
826	649	56	
826	649	82	
826	649	90	
826	649	570	
826	649	94	
826	649	95	
826	649	100	
826	649	577	
826	649	116	
826	649	593	
826	649	128	
826	649	138	
826	649	143	
826	649	147	
826	649	633	
826	649	641	
826	649	161	
826	649	173	
826	649	174	
826	649	186	
826	649	219	
826	649	221	
826	649	230	
826	649	234	
826	649	238	
826	649	244	
826	649	272	
826	649	282	
826	649	286	
826	649	288	
826	649	289	
826	649	310	
826	649	333	
826	649	338	
826	649	345	
826	649	360	
826	649	363	
826	649	364	
826	649	389	
826	649	392	
826	649	399	
826	649	422	
826	649	452	
826	649	461	
826	649	469	
826	649	474	
826	649	478	
826	649	486	
400	24	12	
400	24	13	
400	24	14	
826	825	544	
826	825	419	
826	825	322	
826	825	726	
826	825	289	
826	825	237	
826	825	362	
826	825	376	
826	825	350	
826	825	95	
826	825	570	
826	825	375	
826	825	94	
826	825	79	
826	825	357	
826	825	622	
826	825	186	
826	825	324	
826	825	57	
826	825	234	
826	825	756	
826	825	749	
826	825	283	
826	825	189	
826	825	294	
826	825	70	
825	240	173	
825	240	174	
826	825	308	
826	825	765	
826	825	276	
826	825	540	
826	825	319	
826	825	367	
826	825	811	
826	825	53	
826	825	591	
826	825	383	
826	825	801	
826	825	714	
826	825	757	
826	825	187	
826	825	763	
826	825	210	
826	825	212	
826	825	284	
826	825	275	
826	825	243	
826	825	352	
826	825	281	
826	825	670	
826	825	272	
826	825	617	
826	825	764	
826	825	238	
826	825	760	
826	825	366	
826	825	754	
826	825	645	
826	825	116	
826	825	671	
826	825	78	
826	825	574	
826	649	9	
826	649	23	
826	649	341	
826	649	428	
826	649	429	
826	649	450	
826	649	525	
826	649	576	
826	649	578	
826	649	621	
826	649	627	
826	649	639	
826	649	640	
826	649	642	
826	825	90	
826	825	211	
826	825	285	
826	825	717	
826	825	755	
826	825	770	
826	825	809	
400	489	413	
400	489	417	
24	507	246	
24	507	306	
24	507	486	
24	47	34	
134	649	137	
134	649	138	
134	649	139	
134	649	143	
134	649	145	
134	649	147	
134	649	151	
134	649	161	
134	649	176	
134	649	184	
134	649	186	
134	649	199	
134	649	217	
134	649	219	
134	649	221	
134	649	230	
134	649	234	
134	649	238	
134	649	271	
134	649	272	
134	649	282	
134	649	286	
134	649	288	
134	649	289	
134	649	291	
134	649	293	
134	649	307	
134	649	310	
134	649	316	
134	649	333	
134	649	334	
134	649	338	
134	649	341	
134	649	345	
134	649	360	
134	649	363	
134	649	364	
134	649	365	
134	649	389	
134	649	392	
134	649	399	
134	649	422	
134	649	428	
134	649	429	
134	649	448	
134	649	452	
134	649	461	
134	649	469	
134	649	474	
134	649	478	
134	649	486	
134	649	491	
134	649	504	
134	649	509	
134	649	520	
134	649	561	
134	649	570	
134	649	576	
134	649	577	
134	649	578	
134	649	593	
134	649	595	
134	649	604	
134	649	627	
134	649	628	
134	649	633	
134	825	186	
134	825	187	
134	825	189	
134	825	210	
134	825	211	
134	825	212	
134	825	234	
134	825	237	
134	825	238	
134	825	240	
134	825	243	
134	825	272	
134	825	275	
134	825	276	
134	825	281	
134	825	283	
134	825	284	
134	825	285	
134	825	289	
134	825	294	
134	825	308	
134	825	319	
134	825	322	
134	825	350	
134	825	352	
134	825	357	
134	825	366	
134	825	367	
134	825	372	
134	825	375	
134	825	376	
134	825	540	
134	825	544	
134	825	570	
134	825	574	
134	825	591	
134	825	617	
134	825	622	
134	825	645	
134	825	670	
134	825	671	
134	825	714	
134	825	717	
134	825	726	
134	825	749	
134	825	754	
134	825	755	
134	825	756	
134	825	757	
134	825	760	
134	825	763	
134	825	764	
134	825	765	
134	825	770	
134	825	801	
134	825	809	
134	825	810	
134	825	811	
391	649	561	
391	649	604	
391	649	619	
649	825	670	
649	825	671	
649	825	714	
649	825	717	
649	825	749	
649	825	754	
649	825	755	
649	825	756	
649	825	757	
649	825	760	
649	825	763	
649	825	765	
649	825	801	
649	825	809	
649	825	810	
649	825	811	
400	655	465	
240	746	504	
400	746	504	
240	746	512	
400	746	512	
240	746	523	
400	746	523	
240	746	689	
400	746	689	
240	746	698	
400	746	698	
240	746	262	
240	746	358	
240	746	395	
240	746	405	
400	746	405	
240	746	431	
400	746	431	
134	826	502	
391	826	502	
134	826	503	
391	826	503	
134	826	545	
391	826	545	
134	826	551	
391	826	551	
134	826	150	
134	826	663	
391	826	663	
134	826	180	
134	826	201	
134	826	240	
134	826	241	
134	826	718	
391	826	718	
134	826	249	
134	826	250	
134	826	744	
391	826	744	
134	826	263	
134	826	274	
391	826	752	
134	826	778	
391	826	778	
134	826	302	
134	826	786	
391	826	786	
134	826	788	
391	826	788	
134	826	803	
391	826	803	
134	826	354	
134	826	355	
134	826	414	
391	826	414	
391	826	415	
134	826	432	
391	826	432	
134	826	470	
391	826	470	
134	826	471	
391	826	471	
24	828	498	
24	828	535	
24	828	555	
24	828	598	
24	828	610	
24	828	183	
24	828	191	
24	828	218	
24	828	692	
24	828	227	
24	828	697	
24	828	748	
24	828	299	
24	828	808	
24	828	320	
24	828	336	
24	828	827	
24	828	340	
24	828	412	
64	382	73	
64	382	232	
102	382	232	
64	382	233	
102	382	233	
64	382	258	
102	382	258	
64	382	262	
102	382	262	
260	382	262	
102	382	324	
260	382	324	
24	391	34	
391	649	392	
391	649	396	
391	649	399	
391	649	422	
391	649	428	
391	649	429	
391	649	448	
391	649	450	
391	649	452	
391	649	461	
391	649	469	
391	649	474	
391	649	478	
391	649	491	
391	649	504	
391	649	509	
391	649	520	
391	649	570	
391	649	576	
391	649	577	
391	649	578	
391	649	593	
391	649	595	
391	649	627	
391	649	628	
391	649	633	
391	649	639	
391	649	640	
391	649	641	
391	649	642	
24	391	159	
24	391	177	
24	391	197	
24	391	295	
24	391	336	
391	825	419	
391	825	540	
391	825	544	
391	825	570	
391	825	574	
391	825	591	
391	825	617	
391	825	622	
391	825	645	
391	825	670	
391	825	671	
391	825	714	
391	825	717	
391	825	726	
391	825	749	
391	825	754	
391	825	755	
391	825	756	
391	825	757	
391	825	760	
391	825	763	
391	825	764	
391	825	765	
391	825	770	
391	825	801	
391	825	809	
391	825	810	
391	825	811	
24	391	376	
24	391	389	
400	877	517	
400	877	592	
400	877	715	
400	877	766	
400	877	767	
400	877	454	
400	877	476	
24	418	45	
102	382	348	
102	951	254	
102	951	255	
102	951	593	
102	951	611	
102	951	742	
64	382	71	
64	382	72	
64	382	325	
260	382	325	
64	382	348	
260	382	348	
332	382	348	
46	582	442	
46	582	560	
24	507	362	
24	507	440	
102	830	419	
400	877	487	
400	877	488	
400	877	571	
400	877	875	
24	828	228	
400	746	428	
400	746	429	
134	826	506	
391	826	506	
134	826	181	
134	826	184	
134	826	264	
134	826	787	
391	826	787	
134	826	371	
134	826	372	
134	826	491	
391	826	491	
134	826	492	
391	826	492	
391	826	614	
134	826	231	
134	826	700	
391	826	700	
134	826	736	
391	826	736	
134	826	630	
391	826	630	
240	746	428	
240	746	429	
134	826	751	
391	826	751	
134	649	8	
134	649	9	
134	649	29	
134	649	30	
134	649	34	
134	649	39	
134	649	46	
134	649	56	
134	649	62	
134	649	82	
134	649	90	
134	649	94	
134	649	95	
134	649	100	
134	649	116	
134	649	128	
134	825	53	
134	825	57	
134	825	70	
134	825	78	
134	825	79	
134	825	90	
134	825	94	
134	825	95	
134	825	116	
391	649	59	
391	649	139	
391	649	145	
391	649	151	
391	649	152	
391	649	176	
391	649	199	
391	649	265	
391	649	307	
649	825	53	
649	825	57	
649	825	70	
649	825	78	
649	825	79	
649	825	187	
649	825	189	
649	825	210	
649	825	211	
649	825	212	
649	825	237	
649	825	240	
649	825	243	
649	825	275	
649	825	276	
649	825	281	
649	825	283	
649	825	284	
649	825	285	
649	825	294	
649	825	308	
649	825	319	
649	825	322	
649	825	324	
649	825	350	
649	825	352	
649	825	357	
649	825	362	
649	825	366	
649	825	367	
649	825	372	
649	825	375	
649	825	376	
649	825	383	
649	825	419	
649	825	540	
649	825	544	
649	825	574	
649	825	591	
649	825	617	
649	825	622	
649	825	645	
649	830	362	
649	830	419	
654	655	465	
668	727	87	
668	727	149	
668	727	194	
668	727	196	
668	727	442	
240	746	39	
400	746	39	
240	746	80	
400	746	80	
240	746	128	
400	746	128	
400	746	262	
400	746	358	
400	746	395	
134	826	1	
391	826	1	
134	826	17	
391	826	17	
134	826	39	
391	826	39	
134	826	44	
391	826	44	
134	826	55	
391	826	55	
391	826	63	
134	826	67	
391	826	67	
134	826	86	
391	826	86	
134	826	87	
391	826	87	
391	826	150	
391	826	178	
391	826	179	
391	826	180	
391	826	201	
391	826	240	
391	826	241	
391	826	249	
391	826	250	
391	826	263	
391	826	274	
391	826	302	
391	826	354	
391	826	355	
24	828	8	
64	382	13	
102	382	13	
260	382	13	
332	382	13	
102	382	73	
260	382	73	
332	382	73	
260	382	232	
332	382	232	
260	382	233	
332	382	233	
260	382	258	
332	382	258	
332	382	262	
332	382	324	
391	649	8	
391	649	9	
391	649	22	
391	649	23	
391	649	29	
391	649	30	
391	649	39	
391	649	46	
391	649	56	
391	649	62	
391	649	82	
391	649	90	
391	649	94	
391	649	95	
391	649	100	
391	649	116	
391	649	128	
391	649	137	
391	649	138	
391	649	143	
391	649	147	
391	649	161	
391	649	173	
391	649	174	
391	649	184	
391	649	186	
391	649	217	
391	649	219	
391	649	221	
391	649	230	
391	649	234	
391	649	238	
391	649	244	
391	649	271	
391	649	272	
391	649	282	
391	649	286	
391	649	288	
391	649	289	
391	649	291	
391	649	293	
391	649	310	
391	649	316	
391	649	333	
391	649	334	
391	649	338	
391	649	341	
391	649	345	
391	649	360	
391	649	363	
391	649	364	
391	649	365	
391	649	385	
391	825	53	
391	825	57	
391	825	59	
391	825	70	
391	825	78	
391	825	79	
391	825	90	
391	825	94	
391	825	95	
391	825	116	
391	825	186	
391	825	187	
391	825	189	
391	825	210	
391	825	211	
391	825	212	
391	825	234	
391	825	237	
391	825	238	
391	825	240	
391	825	243	
391	825	272	
391	825	275	
391	825	276	
391	825	281	
391	825	283	
391	825	284	
391	825	285	
391	825	289	
391	825	294	
391	825	308	
391	825	319	
391	825	322	
391	825	324	
391	825	350	
391	825	352	
391	825	357	
391	825	362	
391	825	366	
391	825	367	
391	825	372	
391	825	375	
391	825	383	
400	877	6	
400	877	10	
400	877	87	
400	877	205	
400	877	220	
400	877	239	
400	877	317	
400	877	368	
400	877	369	
400	877	370	
400	877	377	
649	928	2	
102	382	14	
102	382	47	
102	382	71	
102	382	72	
64	382	14	
260	382	14	
332	382	14	
260	382	71	
332	382	71	
260	382	72	
332	382	72	
332	382	325	
260	382	47	
332	382	47	
332	382	59	
64	382	47	
64	382	59	
649	928	490	
400	877	96	
400	877	97	
400	877	98	
400	877	125	
400	877	126	
400	877	318	
400	877	329	
400	877	330	
400	877	331	
400	877	386	
24	828	9	
134	826	18	
391	826	18	
134	826	19	
391	826	19	
134	826	43	
391	826	43	
134	826	75	
391	826	75	
134	826	103	
391	826	103	
391	826	152	
391	826	181	
391	826	184	
391	826	264	
391	826	306	
391	826	371	
391	826	372	
391	826	385	
134	826	15	
391	826	15	
134	826	76	
391	826	76	
391	826	231	
134	826	16	
134	826	20	
391	826	16	
391	826	20	
102	28	73	
553	47	526	
889	47	526	
553	47	541	
649	47	541	
889	47	541	
553	47	542	
649	47	542	
889	47	542	
932	64	138	
932	64	893	
826	75	115	
826	75	146	
649	100	153	
649	100	223	
649	100	356	
826	649	745	
826	649	797	
400	222	278	
932	300	502	
932	300	503	
932	300	639	
932	300	717	
932	300	729	
932	300	786	
932	300	346	
932	300	847	
932	300	848	
932	300	372	
932	300	390	
932	300	872	
932	300	450	
826	240	268	
826	240	487	
826	240	488	
826	240	659	
826	240	676	
826	240	746	
826	263	435	
826	263	441	
826	263	524	
826	263	544	
826	263	624	
826	263	722	
826	263	723	
826	263	724	
826	263	725	
877	377	662	
932	377	662	
877	377	706	
932	377	706	
948	382	562	
948	382	699	
948	382	700	
948	382	712	
948	382	736	
948	382	740	
948	382	741	
948	382	743	
948	382	814	
948	382	815	
948	382	862	
948	382	864	
948	382	865	
932	64	170	
932	64	304	
932	64	324	
932	64	382	
932	64	618	
932	64	639	
932	64	640	
932	64	641	
932	64	642	
932	64	656	
932	64	738	
932	64	739	
932	256	544	
932	300	640	
932	300	641	
932	300	642	
932	300	873	
932	300	920	
932	300	921	
932	300	922	
553	256	544	
553	47	525	
948	382	711	
948	382	737	
948	382	813	
948	382	816	
948	382	863	
948	382	861	
649	46	97	
649	46	98	
649	46	636	
649	46	637	
649	46	212	
649	46	304	
649	46	386	
649	46	488	
649	46	582	
649	46	583	
649	46	215	
649	46	262	
649	46	325	
649	46	375	
649	46	490	
649	46	515	
649	46	539	
649	46	51	
649	46	548	
649	46	78	
649	46	80	
649	46	85	
649	46	135	
649	46	156	
649	46	635	
649	46	268	
649	46	270	
649	46	279	
649	46	361	
649	46	383	
649	46	411	
649	46	449	
649	46	456	
649	46	457	
649	46	464	
649	46	466	
649	46	516	
649	46	530	
649	46	71	
649	46	72	
649	46	88	
649	46	579	
649	46	117	
649	46	603	
649	46	132	
649	46	177	
649	46	196	
649	46	207	
649	46	232	
649	46	233	
649	46	240	
649	46	252	
649	46	313	
649	46	324	
649	46	351	
649	46	472	
553	382	435	
916	332	382	
948	382	810	
459	382	435	
485	382	435	
948	382	435	
889	47	525	
826	649	772	
826	649	804	
826	649	728	
649	46	96	
649	46	172	
649	46	211	
649	46	487	
649	46	571	
649	100	572	
826	649	657	
826	649	666	
826	649	690	
826	649	715	
826	649	726	
826	649	733	
826	649	761	
826	649	764	
826	649	768	
826	649	770	
826	649	781	
826	649	782	
826	649	783	
826	649	800	
826	649	802	
826	649	805	
826	649	818	
826	649	824	
400	24	28	
400	24	29	
400	24	47	
400	24	59	
400	24	84	
400	24	101	
400	24	132	
400	24	133	
400	24	215	
400	24	236	
400	24	244	
400	24	311	
400	24	314	
400	24	380	
400	24	385	
400	24	391	
400	24	394	
825	240	241	
825	240	268	
825	240	487	
825	240	488	
825	240	659	
825	240	676	
825	240	746	
826	649	659	
826	649	817	
24	28	73	
24	28	210	
24	47	542	
134	649	657	
134	649	666	
134	649	690	
134	649	700	
134	649	715	
134	649	726	
134	649	728	
134	649	733	
134	649	745	
134	649	761	
134	649	764	
134	649	768	
134	649	770	
134	649	772	
134	649	781	
134	649	782	
134	649	783	
134	649	797	
134	649	802	
134	649	804	
134	649	805	
134	649	817	
134	649	818	
134	649	824	
134	649	830	
134	649	840	
134	649	845	
134	649	852	
134	649	864	
134	649	871	
134	649	894	
134	649	895	
134	649	897	
134	649	898	
134	649	912	
134	649	924	
134	649	928	
134	649	941	
134	649	942	
134	649	945	
134	649	946	
134	649	947	
134	649	950	
134	649	955	
134	649	956	
134	649	957	
134	649	958	
134	649	963	
134	649	964	
134	825	844	
134	825	875	
134	825	901	
134	825	902	
134	825	957	
134	825	958	
134	825	968	
391	649	745	
391	649	797	
649	825	844	
649	825	875	
649	825	901	
649	825	902	
649	825	968	
391	649	830	
391	649	912	
668	727	950	
240	746	823	
400	746	823	
240	746	854	
400	746	854	
240	746	856	
400	746	856	
240	746	857	
400	746	857	
240	746	895	
400	746	895	
240	746	918	
400	746	918	
240	746	929	
400	746	929	
134	826	831	
391	826	831	
134	826	834	
391	826	834	
134	826	890	
391	826	890	
134	826	891	
391	826	891	
134	826	892	
391	826	892	
134	826	949	
391	826	949	
134	826	869	
391	826	869	
24	828	858	
24	828	886	
24	828	972	
64	382	562	
102	382	562	
260	382	562	
332	382	562	
64	382	699	
102	382	699	
260	382	699	
332	382	699	
64	382	700	
102	382	700	
260	382	700	
332	382	700	
64	382	712	
102	382	712	
260	382	712	
332	382	712	
64	382	736	
260	382	736	
332	382	736	
64	382	740	
102	382	740	
260	382	740	
332	382	740	
64	382	741	
102	382	741	
260	382	741	
332	382	741	
64	382	743	
102	382	743	
260	382	743	
332	382	743	
64	382	814	
102	382	814	
260	382	814	
332	382	814	
64	382	815	
260	382	815	
332	382	815	
64	382	862	
260	382	862	
332	382	862	
64	382	864	
102	382	864	
260	382	864	
332	382	864	
64	382	865	
102	382	865	
260	382	865	
332	382	865	
24	391	511	
24	391	537	
24	391	542	
24	391	620	
24	391	649	
391	649	657	
391	649	659	
391	649	666	
391	649	690	
391	649	700	
391	649	715	
391	649	726	
391	649	728	
391	649	733	
391	649	761	
391	649	764	
391	649	768	
391	649	770	
391	649	772	
391	649	781	
391	649	782	
391	649	783	
391	649	800	
391	649	802	
391	649	804	
391	649	805	
391	649	817	
391	649	818	
391	649	824	
391	649	839	
391	649	840	
391	649	845	
391	649	852	
391	649	864	
391	649	871	
391	649	894	
391	649	895	
391	649	897	
391	649	898	
391	649	920	
391	649	921	
391	649	922	
391	649	924	
391	649	928	
391	649	939	
391	649	941	
391	649	942	
391	649	945	
391	649	946	
391	649	947	
391	649	950	
391	649	955	
391	649	956	
391	649	957	
391	649	958	
391	649	963	
391	649	964	
24	391	683	
24	391	693	
24	391	694	
24	391	799	
24	391	822	
24	391	823	
24	391	825	
391	825	844	
391	825	875	
391	825	901	
391	825	902	
391	825	957	
391	825	958	
391	825	968	
24	391	853	
24	391	430	
24	391	486	
400	877	885	
400	877	934	
102	382	435	
102	382	737	
102	382	813	
102	382	816	
102	382	861	
102	382	949	
102	382	969	
64	382	711	
260	382	711	
332	382	711	
64	382	737	
260	382	737	
332	382	737	
64	382	813	
260	382	813	
332	382	813	
64	382	816	
260	382	816	
332	382	816	
64	382	863	
260	382	863	
332	382	863	
64	382	949	
260	382	949	
332	382	949	
64	382	861	
260	382	861	
332	382	861	
64	382	969	
260	382	969	
332	382	969	
46	240	241	
46	240	676	
46	240	746	
46	252	362	
46	252	393	
46	252	440	
46	252	441	
46	252	442	
46	252	870	
24	507	722	
24	507	723	
24	507	724	
24	507	725	
260	382	435	
260	382	810	
332	382	435	
332	382	810	
64	382	810	
64	382	435	
24	418	419	
24	418	440	
24	418	957	
24	418	958	
400	877	888	
400	877	945	
400	877	946	
24	391	536	
24	391	621	
24	391	826	
24	828	829	
400	746	894	
134	826	868	
391	826	868	
134	826	861	
391	826	861	
134	826	864	
391	826	864	
240	746	894	
102	28	210	
263	47	526	
382	47	526	
134	47	541	
263	47	541	
382	47	541	
134	47	542	
263	47	542	
382	47	542	
102	64	138	
102	64	227	
102	64	409	
102	64	893	
826	649	830	
826	649	912	
730	727	950	
932	300	968	
932	300	950	
826	263	870	
459	382	562	
485	382	562	
553	382	562	
459	382	699	
485	382	699	
553	382	699	
459	382	700	
485	382	700	
553	382	700	
459	382	712	
485	382	712	
553	382	712	
459	382	736	
485	382	736	
459	382	740	
485	382	740	
553	382	740	
459	382	741	
485	382	741	
553	382	741	
459	382	743	
485	382	743	
553	382	743	
459	382	814	
485	382	814	
553	382	814	
459	382	815	
485	382	815	
553	382	815	
459	382	862	
485	382	862	
553	382	862	
459	382	864	
553	382	864	
459	382	865	
553	382	865	
102	64	324	
102	64	618	
102	64	738	
102	64	739	
459	382	711	
485	382	711	
459	382	737	
485	382	737	
553	382	737	
459	382	813	
485	382	813	
553	382	813	
459	382	816	
485	382	816	
553	382	816	
459	382	863	
485	382	863	
553	382	863	
459	382	949	
485	382	949	
553	382	949	
948	382	949	
459	382	861	
485	382	861	
553	382	861	
459	382	969	
485	382	969	
553	382	969	
948	382	969	
649	46	851	
649	46	658	
649	46	683	
649	46	708	
649	46	709	
649	46	762	
649	46	833	
649	46	842	
649	46	900	
649	46	938	
649	46	944	
649	46	712	
649	46	720	
649	46	736	
649	46	737	
649	46	743	
649	46	966	
649	46	773	
649	46	806	
649	46	813	
649	46	814	
649	46	815	
649	46	832	
649	46	862	
649	46	863	
649	46	865	
649	46	873	
649	46	931	
649	46	949	
649	46	952	
649	46	969	
553	382	810	
263	47	525	
382	47	525	
459	382	810	
485	382	810	
400	388	810	
826	825	957	
826	825	958	
134	58	776	
826	649	852	
826	649	924	
826	649	939	
826	649	947	
649	46	807	
649	46	841	
649	46	843	
649	46	850	
649	46	872	
649	46	887	
649	46	943	
649	46	962	
649	46	970	
826	649	839	
826	649	845	
826	649	871	
826	649	895	
826	649	897	
826	649	920	
826	649	921	
826	649	922	
826	649	928	
826	649	941	
826	649	942	
826	649	945	
826	649	950	
826	649	957	
826	649	958	
400	24	418	
400	24	502	
400	24	507	
400	24	516	
400	24	520	
400	24	521	
400	24	524	
400	24	525	
400	24	526	
400	24	528	
400	24	541	
400	24	560	
400	24	565	
400	24	567	
400	24	575	
400	24	602	
400	24	603	
400	24	605	
400	24	606	
400	24	607	
400	24	608	
400	24	625	
400	24	716	
400	24	798	
400	24	828	
826	825	902	
826	825	901	
826	825	968	
826	825	844	
826	825	875	
826	649	840	
826	649	894	
826	649	898	
826	649	946	
826	649	955	
826	649	956	
826	649	963	
826	649	964	

subgraph id = 36
Nreal : 1440
=================================
Full list of 1440 members:

102	489	413	
134	507	306	
391	507	486	
28	134	73	
28	382	73	
28	825	210	
64	649	138	
64	917	138	
64	828	227	
102	553	111	
46	553	135	
46	554	72	
586	916	914	
142	649	619	
24	649	526	
102	649	526	
24	649	59	
58	649	59	
102	649	152	
102	649	199	
649	932	797	
75	175	87	
668	730	727	
24	707	59	
58	707	59	
46	707	351	
134	707	351	
75	727	87	
400	734	489	
46	746	504	
46	746	80	
46	746	262	
54	746	262	
134	746	262	
746	932	823	
102	746	395	
300	826	502	
300	826	503	
300	649	639	
240	300	241	
300	825	717	
300	826	786	
300	553	372	
300	825	372	
300	826	372	
300	485	450	
300	649	450	
300	951	450	
54	784	544	
102	784	544	
256	784	544	
261	784	544	
263	784	544	
24	784	607	
134	784	607	
391	784	607	
134	784	419	
261	784	419	
418	784	419	
24	826	502	
46	826	240	
102	826	414	
46	382	232	
46	382	233	
134	382	233	
382	826	700	
382	826	736	
134	382	258	
46	382	262	
54	382	262	
134	382	262	
46	382	324	
134	382	324	
391	932	607	
46	391	177	
391	932	822	
391	932	823	
400	649	491	
400	826	491	
400	932	491	
46	400	51	
102	400	131	
400	932	623	
75	877	87	
102	877	220	
46	877	715	
649	877	715	
102	877	368	
24	410	132	
46	410	132	
102	410	132	
102	418	236	
46	418	244	
134	418	244	
24	916	560	
54	916	560	
261	916	560	
455	916	560	
46	916	720	
54	916	441	
110	916	441	
252	916	441	
260	916	441	
263	916	441	
102	917	106	
46	917	715	
649	917	715	
102	917	413	
24	932	516	
46	932	516	
46	932	72	
24	932	575	
46	932	579	
553	932	590	
46	932	637	
102	932	637	
400	932	637	
134	932	178	
134	932	688	
553	932	688	
46	932	709	
46	932	270	
649	932	768	
102	932	789	
134	932	789	
134	932	800	
649	932	800	
46	932	845	
649	932	845	
649	932	852	
102	932	871	
649	932	871	
102	932	413	
134	932	451	
649	932	924	
46	932	472	
46	953	952	
46	667	85	
102	667	281	
134	667	344	
102	649	525	
102	696	544	
102	825	544	
24	102	59	
58	102	59	
46	102	88	
102	932	636	
102	826	736	
102	825	276	
102	825	810	
102	649	341	
102	459	382	
102	485	382	
102	553	382	
102	948	382	
102	485	384	
102	553	385	
102	649	385	
102	826	385	
102	877	386	
102	649	396	
102	649	469	
102	649	478	
102	759	548	
102	889	548	
102	948	548	
102	400	383	
102	485	383	
102	825	383	
102	826	506	
102	485	156	
102	649	640	
102	400	172	
102	825	294	
102	553	368	
102	485	450	
102	649	450	
24	102	28	
102	826	103	
102	649	627	
102	553	152	
102	826	152	
102	916	152	
102	553	170	
102	826	231	
102	485	259	
102	400	281	
102	825	281	
102	553	329	
102	877	329	
102	932	329	
102	400	362	
102	459	362	
102	485	362	
102	507	362	
102	664	362	
102	825	362	
102	889	362	
102	485	413	
102	553	453	
102	485	483	
24	553	215	
46	553	215	
134	553	152	
553	826	736	
46	553	324	
64	553	324	
134	553	324	
24	553	133	
134	553	179	
24	553	385	
46	553	385	
134	553	385	
46	553	509	
46	553	95	
134	553	344	
24	553	47	
134	553	306	
24	553	380	
553	649	639	
46	553	51	
46	382	71	
46	382	72	
46	382	325	
134	382	325	
46	485	90	
46	825	90	
46	825	570	
46	553	94	
46	825	94	
46	825	95	
46	877	97	
46	877	98	
46	932	636	
46	825	212	
46	877	386	
46	746	429	
46	877	488	
46	263	262	
46	455	262	
46	889	262	
46	933	262	
46	825	375	
46	826	385	
46	928	490	
46	932	490	
46	759	548	
46	889	548	
46	948	548	
46	825	78	
46	932	80	
46	485	156	
46	400	383	
46	485	383	
46	825	383	
46	746	428	
46	134	71	
46	400	88	
46	485	117	
46	932	117	
46	400	173	
46	877	173	
46	443	196	
46	664	196	
46	727	196	
46	889	196	
46	826	700	
46	825	240	
46	826	736	
46	400	313	
46	932	313	
46	825	324	
507	889	722	
507	889	723	
507	889	724	
507	889	725	
54	507	362	
134	507	362	
252	507	362	
252	507	440	
261	507	440	
418	507	440	
36	443	196	
36	664	196	
36	727	196	
36	889	196	
54	889	524	
54	937	524	
54	696	544	
54	825	544	
54	582	560	
54	889	560	
54	443	196	
54	664	196	
54	727	196	
54	889	196	
54	400	362	
54	459	362	
54	485	362	
54	664	362	
54	825	362	
54	830	362	
54	889	362	
54	889	870	
54	889	441	
54	664	435	
54	889	435	
54	916	435	
54	932	435	
54	582	442	
54	727	442	
54	759	442	
54	889	442	
64	553	382	
260	553	382	
553	889	870	
110	553	393	
252	553	393	
134	553	419	
261	553	419	
418	553	419	
252	553	440	
261	553	440	
418	553	440	
110	443	196	
110	664	196	
110	727	196	
110	889	196	
110	664	393	
110	933	393	
110	889	441	
24	582	560	
261	582	560	
455	582	560	
252	582	442	
410	582	442	
24	134	47	
134	455	419	
134	830	419	
134	889	419	
24	649	47	
134	664	362	
252	664	362	
252	664	393	
263	664	435	
382	664	435	
252	727	442	
410	727	442	
252	400	362	
252	459	362	
252	485	362	
252	825	362	
252	830	362	
252	889	362	
252	889	870	
252	933	393	
252	889	440	
252	916	440	
252	889	441	
252	759	442	
252	889	442	
256	696	544	
256	825	544	
24	260	59	
58	260	59	
260	459	382	
260	485	382	
260	948	382	
260	889	441	
261	696	544	
261	825	544	
261	889	560	
261	825	810	
261	455	419	
261	825	419	
261	830	419	
261	889	419	
261	889	440	
261	916	440	
263	889	524	
263	937	524	
24	263	47	
263	696	544	
263	825	544	
263	881	624	
263	889	624	
263	889	722	
263	889	723	
263	889	724	
263	889	725	
263	889	870	
263	889	435	
263	916	435	
263	932	435	
263	889	441	
410	759	442	
332	459	382	
332	485	382	
332	948	382	
24	825	59	
58	825	59	
382	825	810	
388	825	810	
455	825	810	
134	830	362	
418	830	419	
24	382	47	
24	382	59	
58	382	59	
382	889	435	
382	916	435	
382	932	435	
443	881	624	
459	881	624	
410	889	442	
418	455	419	
418	825	419	
418	889	419	
418	889	440	
418	916	440	
24	889	524	
24	889	47	
24	889	59	
58	889	59	
24	889	560	
455	889	560	
443	889	624	
459	889	624	
134	889	362	
134	459	362	
64	459	382	
24	937	524	
64	948	382	
54	263	262	
54	455	262	
54	889	262	
54	933	262	
134	263	262	
134	889	262	
134	455	262	
134	933	262	
24	134	59	
134	784	606	
134	932	606	
134	932	607	
134	916	152	
134	400	178	
134	485	265	
134	400	362	
134	485	362	
134	485	379	
134	400	383	
134	485	383	
134	485	384	
24	134	84	
134	240	173	
134	400	173	
134	877	173	
134	877	659	
134	240	174	
134	400	174	
134	877	174	
134	877	386	
134	485	450	
134	951	450	
24	649	385	
24	649	520	
102	649	628	
24	649	29	
485	649	570	
64	649	641	
102	649	641	
300	649	641	
400	649	641	
553	649	641	
24	649	244	
649	951	920	
649	951	921	
649	951	922	
46	400	174	
400	649	639	
400	825	763	
46	400	172	
400	825	622	
400	825	726	
400	826	700	
240	400	241	
64	485	382	
485	951	922	
24	877	401	
24	932	313	
24	826	385	
24	951	716	
24	784	605	
24	932	605	
485	825	570	
64	825	324	
825	877	875	
24	932	608	
134	932	608	
391	932	608	
134	951	920	
300	951	920	
485	951	920	
134	951	921	
300	951	921	
485	951	921	
134	951	922	
300	951	922	
46	877	571	
46	877	659	
240	877	659	
649	877	659	
46	877	174	
46	877	487	
240	877	487	
64	649	639	
64	649	640	
240	877	488	
24	649	525	
300	649	640	
300	649	642	
134	784	605	
391	784	605	
24	784	606	
391	784	606	
24	784	608	
134	784	608	
391	784	608	
391	932	605	
391	932	606	
400	932	636	
102	649	639	
102	649	642	
64	553	170	
553	825	770	
553	649	640	
553	649	642	
46	877	96	
46	825	211	
134	932	605	
400	649	640	
64	649	642	
400	649	642	
485	825	770	
24	932	606	
24	932	607	
489	826	1	
489	932	1	
485	489	413	
489	917	413	
489	932	413	
489	917	417	
489	932	417	
263	507	246	
507	889	246	
507	553	306	
507	826	306	
507	649	486	
47	707	34	
134	553	126	
553	877	126	
400	553	169	
553	877	169	
554	746	512	
46	554	22	
134	554	22	
400	554	22	
554	649	22	
554	932	22	
382	554	72	
554	932	72	
586	826	67	
649	707	34	
102	649	59	
260	649	59	
382	649	59	
649	707	59	
649	889	59	
649	707	151	
553	649	152	
649	916	152	
553	649	176	
485	649	265	
175	727	87	
175	826	87	
175	877	87	
222	828	183	
391	707	34	
102	707	59	
134	707	59	
260	707	59	
382	707	59	
707	825	59	
707	889	59	
707	932	193	
707	877	369	
727	826	87	
727	877	87	
400	734	1	
734	826	1	
734	932	1	
649	746	504	
300	746	39	
553	746	39	
649	746	39	
746	826	39	
746	932	80	
649	746	128	
746	932	128	
263	746	262	
382	746	262	
455	746	262	
746	889	262	
746	933	262	
667	746	358	
746	932	405	
667	746	431	
46	300	31	
102	300	38	
300	553	39	
300	649	39	
300	826	39	
300	400	241	
300	826	241	
300	730	248	
400	784	52	
696	784	544	
784	825	544	
784	932	607	
455	784	419	
553	784	419	
784	825	419	
784	830	419	
784	889	419	
400	826	1	
826	932	1	
553	826	39	
826	932	55	
826	932	545	
826	932	63	
826	877	87	
826	916	150	
400	826	178	
826	932	178	
553	826	179	
400	826	241	
730	826	249	
730	826	250	
826	932	778	
553	826	355	
46	828	8	
553	828	8	
649	828	8	
828	932	227	
553	828	320	
391	828	336	
24	382	13	
46	382	13	
134	382	13	
134	382	73	
263	382	262	
382	455	262	
382	889	262	
382	933	262	
382	825	324	
134	391	47	
263	391	47	
382	391	47	
391	553	47	
391	889	47	
391	400	197	
391	553	197	
391	553	295	
400	553	51	
485	877	6	
877	917	10	
877	932	592	
877	917	715	
877	917	239	
877	917	767	
553	877	368	
877	932	377	
46	418	45	
102	418	45	
134	418	45	
418	649	244	
582	916	560	
889	916	560	
916	932	904	
889	916	441	
553	916	445	
553	917	107	
649	917	138	
400	917	359	
917	932	359	
917	932	397	
485	917	413	
917	932	413	
917	932	417	
46	928	2	
928	932	2	
400	932	1	
46	932	2	
649	932	491	
826	932	491	
46	932	22	
134	932	22	
400	932	22	
649	932	22	
46	932	33	
825	932	57	
134	932	63	
102	932	64	
382	932	72	
826	932	76	
400	932	83	
485	932	83	
553	932	83	
649	932	595	
649	932	128	
696	932	650	
400	932	178	
649	932	184	
826	932	184	
553	932	230	
649	932	230	
553	932	256	
649	932	286	
826	932	787	
825	932	811	
877	932	330	
859	932	378	
485	932	413	
916	932	909	
400	667	164	
553	667	164	
400	667	200	
400	667	281	
667	825	281	
667	825	283	
553	667	344	
102	400	25	
102	553	25	
102	134	59	
102	260	59	
102	825	59	
102	889	59	
102	400	88	
41	102	37	
102	134	37	
46	102	45	
102	134	45	
102	932	66	
553	826	152	
553	916	152	
400	553	197	
485	553	15	
553	826	15	
553	916	332	
553	932	500	
400	553	148	
553	825	324	
553	649	385	
553	826	385	
400	553	25	
553	649	230	
485	553	289	
553	649	289	
553	825	289	
553	649	509	
400	553	83	
485	553	83	
553	649	95	
553	825	95	
46	553	8	
553	649	8	
485	553	420	
400	553	164	
485	553	195	
553	826	264	
134	553	47	
263	553	47	
553	649	47	
553	889	47	
553	826	306	
553	932	328	
553	825	372	
553	826	372	
553	649	39	
553	730	251	
24	382	14	
46	382	14	
134	382	14	
134	382	71	
46	134	22	
46	400	22	
46	134	23	
46	400	23	
46	554	23	
46	932	23	
46	826	19	
24	46	13	
46	134	13	
46	134	45	
400	507	362	
459	507	362	
485	507	362	
507	664	362	
507	825	362	
507	830	362	
507	889	362	
507	553	440	
507	889	440	
507	916	440	
459	553	382	
485	553	382	
553	948	382	
553	664	393	
553	933	393	
455	553	419	
553	825	419	
553	830	419	
553	889	419	
553	889	440	
553	916	440	
582	889	560	
582	727	442	
582	759	442	
582	889	442	
134	263	47	
134	382	47	
134	889	47	
263	649	47	
382	649	47	
649	889	47	
443	664	196	
664	727	196	
664	889	196	
400	664	362	
459	664	362	
485	664	362	
664	825	362	
664	830	362	
664	889	362	
664	933	393	
664	889	435	
664	916	435	
664	932	435	
443	727	196	
727	889	196	
727	759	442	
727	889	442	
134	260	59	
260	825	59	
260	889	59	
263	382	47	
263	889	47	
263	889	246	
759	889	548	
759	948	548	
759	889	442	
382	825	59	
825	889	59	
400	830	362	
459	830	362	
485	830	362	
825	830	362	
830	889	362	
455	830	419	
825	830	419	
830	889	419	
382	889	47	
134	382	59	
382	889	59	
881	889	624	
889	937	524	
134	889	59	
889	948	548	
443	889	196	
400	889	362	
459	889	362	
485	889	362	
825	889	362	
455	889	419	
825	889	419	
889	916	435	
889	932	435	
889	916	440	
455	825	419	
400	459	362	
459	485	362	
459	825	362	
459	485	382	
459	948	382	
485	948	382	
263	455	262	
263	889	262	
263	933	262	
455	889	262	
889	933	262	
455	933	262	
134	730	7	
24	134	13	
41	134	37	
134	400	22	
134	877	126	
485	649	62	
649	696	365	
400	649	22	
485	649	90	
553	649	94	
400	649	116	
649	951	593	
240	649	173	
400	649	173	
649	877	173	
240	649	174	
400	649	174	
649	877	174	
485	649	289	
400	932	313	
240	400	174	
400	825	284	
400	485	362	
400	825	362	
400	825	237	
400	485	383	
400	825	383	
400	825	116	
400	825	281	
400	916	122	
400	485	83	
400	932	359	
485	932	117	
485	825	289	
485	825	362	
485	825	383	
485	826	15	
24	46	14	
24	134	14	
696	825	544	
553	825	94	
300	825	243	
784	932	608	
916	932	435	
485	951	450	
649	951	450	
240	877	174	
826	916	18	
826	916	152	
240	400	173	
240	877	173	
134	554	23	
400	554	23	
554	649	23	
554	932	23	
649	746	428	
649	746	429	
784	932	605	
784	932	606	
46	828	9	
553	828	9	
649	828	9	
928	932	490	
134	932	23	
400	932	23	
649	932	23	
696	932	163	
553	932	329	
877	932	329	
46	553	9	
553	649	9	
553	877	329	
46	826	20	
46	134	14	
134	400	23	
400	649	23	
485	649	450	
485	825	90	
41	102	527	
41	134	527	
41	102	681	
47	102	526	
75	102	146	
134	391	649	
134	391	825	
134	142	619	
102	649	830	
400	654	655	
300	727	950	
553	727	950	
649	727	950	
391	746	823	
46	746	895	
649	746	895	
24	300	502	
46	300	639	
64	300	639	
102	300	639	
134	300	639	
300	400	639	
300	553	639	
300	825	968	
46	300	872	
300	553	872	
102	300	450	
134	300	450	
300	553	950	
300	649	950	
102	826	892	
46	826	949	
382	826	949	
102	826	869	
46	382	700	
382	400	700	
382	649	700	
46	382	712	
134	382	712	
46	382	736	
134	382	741	
46	382	743	
134	382	743	
46	382	814	
134	382	814	
46	382	815	
134	382	815	
46	382	862	
46	382	864	
382	649	864	
382	826	864	
46	382	865	
102	391	526	
134	391	526	
134	391	607	
134	391	620	
46	391	683	
391	400	694	
400	553	556	
102	932	960	
134	932	960	
102	134	954	
24	102	525	
47	102	525	
102	134	525	
102	391	525	
24	102	526	
102	134	526	
54	102	544	
102	256	544	
102	261	544	
102	263	544	
24	102	603	
46	102	603	
102	410	603	
24	102	132	
46	102	132	
46	102	962	
102	485	962	
46	102	636	
102	400	636	
46	102	637	
102	400	637	
102	553	711	
46	102	736	
102	553	736	
46	102	304	
102	134	304	
102	134	789	
102	485	805	
102	649	805	
102	261	810	
102	388	810	
102	455	810	
46	102	815	
102	134	815	
46	102	325	
102	134	325	
46	102	832	
102	553	832	
46	102	862	
46	102	863	
102	260	382	
102	332	382	
102	134	384	
24	102	385	
46	102	385	
102	134	385	
46	102	386	
102	134	386	
102	134	396	
46	102	900	
46	102	469	
46	102	946	
102	485	946	
102	649	946	
102	877	946	
102	649	955	
102	134	479	
102	134	960	
46	102	548	
46	102	383	
102	134	383	
46	102	897	
102	485	897	
102	649	897	
46	102	156	
46	102	635	
46	102	640	
102	134	640	
102	300	640	
102	400	640	
102	553	640	
46	102	172	
102	134	665	
102	485	665	
102	553	817	
102	649	817	
102	553	818	
102	649	818	
46	102	898	
102	485	898	
102	649	898	
102	134	450	
102	134	920	
102	300	920	
102	485	920	
102	649	920	
102	134	921	
102	300	921	
102	485	921	
102	649	921	
102	134	922	
102	300	922	
102	485	922	
102	649	922	
46	102	457	
102	134	939	
102	649	939	
102	649	942	
46	102	944	
46	102	945	
102	485	945	
102	649	945	
102	877	945	
102	134	495	
102	134	152	
102	553	629	
102	553	680	
24	102	236	
24	102	716	
58	102	776	
54	102	362	
102	134	362	
102	252	362	
102	649	871	
46	553	832	
553	649	950	
64	553	656	
102	553	656	
46	553	736	
553	649	818	
46	553	872	
46	553	639	
64	553	639	
102	553	639	
134	553	639	
400	553	639	
134	553	688	
46	382	737	
46	382	813	
134	382	813	
134	382	816	
46	382	863	
46	382	949	
382	826	861	
46	382	969	
46	485	570	
46	400	636	
46	400	637	
46	64	304	
46	134	304	
46	134	386	
46	485	945	
46	877	945	
46	485	946	
46	877	946	
24	46	215	
46	54	262	
46	134	262	
46	134	325	
24	46	385	
46	134	385	
46	134	515	
46	64	642	
46	102	642	
46	134	642	
46	300	642	
46	400	642	
46	553	642	
46	400	658	
24	46	244	
46	134	244	
46	134	383	
46	746	894	
46	485	897	
46	485	898	
46	134	449	
24	46	516	
24	46	520	
24	46	603	
46	410	603	
24	46	132	
46	134	173	
36	46	196	
46	54	196	
46	110	196	
46	134	233	
46	400	700	
46	134	712	
46	134	743	
24	46	313	
46	134	813	
46	64	324	
46	134	324	
46	134	814	
46	134	815	
46	134	351	
46	485	864	
46	826	864	
46	485	865	
46	300	873	
46	553	873	
263	507	722	
263	507	723	
263	507	724	
263	507	725	
36	54	196	
36	110	196	
24	54	524	
54	263	524	
54	256	544	
54	261	544	
54	263	544	
24	54	560	
54	261	560	
54	455	560	
54	110	196	
54	134	362	
54	252	362	
54	252	870	
54	263	870	
54	553	870	
54	110	441	
54	252	441	
54	260	441	
54	263	441	
54	263	435	
54	382	435	
54	252	442	
54	410	442	
252	553	870	
263	553	870	
110	252	393	
110	252	441	
110	260	441	
110	263	441	
134	261	419	
134	418	419	
134	252	362	
252	263	870	
252	261	440	
252	418	440	
252	260	441	
252	263	441	
252	410	442	
256	261	544	
256	263	544	
64	260	382	
260	332	382	
260	263	441	
261	263	544	
24	261	560	
261	455	560	
261	382	810	
261	388	810	
261	455	810	
261	418	419	
261	418	440	
24	263	524	
263	443	624	
263	459	624	
263	382	435	
64	332	382	
382	388	810	
382	455	810	
388	455	810	
443	459	624	
24	455	560	
54	134	262	
261	418	957	
261	649	957	
261	825	957	
261	418	958	
261	649	958	
261	825	958	
418	825	957	
418	825	958	
418	649	957	
418	649	958	
24	134	526	
102	134	527	
24	134	606	
134	391	606	
24	134	607	
134	391	621	
46	134	639	
64	134	639	
102	134	639	
134	400	639	
134	485	665	
64	134	324	
134	485	839	
24	134	385	
134	400	508	
46	134	659	
134	240	659	
134	400	659	
46	134	174	
24	134	244	
64	134	304	
24	134	314	
400	649	700	
400	649	726	
485	649	770	
553	649	770	
485	649	805	
485	649	839	
485	649	864	
485	649	897	
300	649	920	
485	649	920	
300	649	921	
485	649	921	
300	649	922	
485	649	922	
485	649	945	
649	877	945	
46	400	639	
64	400	639	
102	400	639	
46	485	962	
485	826	864	
485	649	898	
134	485	922	
300	485	922	
485	649	946	
485	877	946	
24	58	59	
24	134	605	
240	400	746	
649	877	946	
46	64	639	
46	64	640	
64	134	640	
64	300	640	
64	400	640	
64	553	640	
240	400	659	
240	649	659	
134	391	826	
102	649	963	
102	649	964	
649	746	894	
46	300	640	
134	300	640	
300	400	640	
300	553	640	
46	300	641	
64	300	641	
102	300	641	
134	300	641	
300	400	641	
300	553	641	
64	300	642	
102	300	642	
134	300	642	
300	400	642	
300	553	642	
300	553	873	
134	300	920	
300	485	920	
134	300	921	
300	485	921	
134	300	922	
134	391	525	
134	391	605	
134	391	608	
24	410	603	
102	649	956	
46	102	639	
46	102	641	
102	134	641	
102	400	641	
102	553	641	
102	134	642	
102	400	642	
102	553	642	
553	649	817	
485	553	770	
46	553	640	
134	553	640	
400	553	640	
46	553	641	
64	553	641	
134	553	641	
400	553	641	
64	553	642	
134	553	642	
400	553	642	
46	134	640	
46	400	640	
46	64	641	
46	134	641	
46	400	641	
46	134	970	
46	400	659	
24	134	525	
24	134	608	
134	400	640	
64	134	641	
134	400	641	
64	134	642	
134	400	642	
134	485	920	
134	485	921	
400	649	659	
64	400	641	
64	400	642	
485	877	945	

subgraph id = 38
Nreal : 218
=================================
Full list of 218 members:

734	489	1	
391	47	34	
649	47	34	
826	649	152	
826	649	39	
826	825	240	
932	377	162	
932	377	273	
553	382	324	
553	382	47	
649	46	22	
649	46	23	
649	46	8	
889	722	246	
826	649	385	
826	649	491	
649	46	9	
826	649	184	
826	825	372	
649	47	526	
932	64	227	
932	64	409	
649	46	307	
826	649	825	
826	75	87	
826	240	241	
553	332	382	
649	46	90	
649	46	570	
649	46	94	
649	46	95	
649	46	364	
649	46	429	
649	46	385	
649	46	504	
649	46	642	
649	46	221	
649	46	244	
649	46	428	
649	46	469	
649	46	509	
649	46	520	
649	46	173	
649	46	282	
649	47	525	
889	722	723	
889	722	724	
889	722	725	
134	58	59	
649	46	174	
649	46	639	
649	46	640	
649	46	641	
826	649	700	
400	24	313	
24	603	132	
46	603	132	
102	603	132	
134	649	152	
134	649	173	
134	649	174	
134	649	244	
134	649	265	
134	649	385	
134	649	396	
134	649	450	
134	649	525	
134	649	526	
134	649	619	
134	649	620	
134	649	621	
134	649	639	
134	649	640	
134	649	641	
134	649	642	
134	826	649	
134	825	324	
134	825	362	
134	825	383	
134	825	419	
134	826	825	
391	649	526	
391	649	620	
649	825	726	
649	825	764	
649	825	770	
134	826	178	
134	826	179	
134	826	752	
134	826	415	
64	382	324	
24	391	47	
391	649	486	
391	649	525	
391	649	621	
391	826	649	
391	826	825	
24	418	236	
24	418	244	
102	382	325	
102	951	450	
102	951	713	
102	951	716	
102	951	920	
102	951	921	
102	951	922	
102	830	362	
46	240	173	
46	240	174	
134	826	152	
134	826	306	
134	826	385	
134	826	614	
400	877	401	
400	877	659	
24	391	311	
400	489	1	
507	722	246	
410	603	132	
134	649	22	
134	649	23	
134	649	47	
134	649	59	
134	825	59	
391	649	34	
649	825	59	
649	825	90	
649	825	94	
649	825	95	
649	825	116	
649	825	186	
649	825	234	
649	825	238	
649	825	272	
649	825	289	
649	825	570	
134	826	63	
391	649	47	
391	649	389	
391	825	376	
400	877	169	
102	382	59	
260	382	59	
263	722	246	
400	877	174	
400	877	305	
400	877	173	
134	47	526	
391	47	526	
391	47	541	
391	47	542	
553	382	736	
485	382	864	
485	382	865	
391	47	525	
102	64	304	
102	64	382	
102	64	640	
102	64	170	
102	64	639	
102	64	641	
102	64	642	
102	64	656	
553	382	711	
649	46	945	
649	46	946	
649	46	657	
649	46	715	
649	46	845	
649	46	894	
649	46	897	
649	46	898	
649	46	700	
649	46	864	
134	47	525	
649	46	659	
649	46	840	
649	46	895	
826	649	864	
400	24	401	
24	47	526	
24	47	541	
134	649	659	
134	649	800	
134	649	825	
134	649	839	
134	649	920	
134	649	921	
134	649	922	
134	649	939	
649	825	957	
649	825	958	
391	649	825	
102	382	736	
102	382	815	
102	382	862	
24	391	526	
24	391	541	
24	391	607	
24	391	798	
102	382	711	
102	382	810	
102	382	863	
46	240	488	
46	240	268	
46	240	487	
46	240	659	
507	722	723	
507	722	724	
507	722	725	
263	722	723	
263	722	724	
263	722	725	
24	391	525	
24	391	605	
24	391	606	
24	391	608	
24	47	525	

