3873039 1132034
3873039 1132034
3873039 1132845
3873039 1132850
3873083 3873083
3873083 1132483
3873083 1132600
3873083 1132967
3873101 3873101
1132082 1132162
1132082 1132407
1132101 3873145
1132101 3873627
1132110 3873142
1132110 1132091
1132110 1132110
1132110 3873198
1132110 3873199
1132143 1132143
1132143 1132273
1132143 1132433
1132143 1132826
1132143 3874302
3873233 1132051
3873233 3873232
3873233 3873233
3873233 3873341
3873233 1132227
3873233 1132254
3873233 1132256
3873233 1132256
3873233 1132257
3873233 1132268
3873233 1132338
3873233 1132429
3873233 1132588
3873234 3873101
3873234 1132071
3873234 3873234
3873234 1132161
1132165 1132235
1132165 1132287
1132204 1132204
1132204 1132303
1132204 1132424
1132204 1132716
3873356 1132151
3873356 1132428
3873356 3874342
3873406 3873406
3873406 1132265
3873406 1132265
1132267 1132267
1132267 1132267
1132267 3873526
1132267 3874070
1132276 1132277
1132276 1132277
1132276 1132277
1132278 1132278
1132278 3873447
3873526 3873142
3873526 1132091
3873526 1132138
3873526 1132138
3873526 3873256
3873526 3873411
3873526 1132267
3873526 1132274
3873526 3873447
3873526 1132286
3873526 3873453
3873526 1132301
3873526 1132302
3873526 1132348
3873526 1132388
3873526 1132514
3873526 3873814
3873526 1132602
3873526 3873972
3873526 3874070
3873526 3874083
3873526 3874340
3873540 3873541
3873541 1132938
3873541 1132938
3873541 1132938
1132344 1132189
1132344 1132344
1132344 1132344
1132350 1132350
3873582 3873582
3873582 3873769
1132423 1132361
1132423 1132423
1132423 1132423
1132423 1132423
1132423 1132423
1132423 1132423
1132423 1132423
1132423 1132537
1132423 1132361
3873702 1132091
3873702 1132091
3873702 1132138
3873702 1132301
3873702 1132374
3873702 1132374
3873702 1132412
3873702 1132704
3873702 1132742
3873754 3873754
3873769 1132189
3873769 1132294
3873769 3873582
3873769 1132376
3873769 3873769
3873769 3874456
1132492 1132492
3873785 3873039
3873785 1132034
3873785 1132034
1132501 1132501
3873817 3873077
3873817 3873101
3873817 3873135
3873817 1132097
3873817 1132179
3873817 1132259
3873817 3873646
3873817 3873671
3873817 1132510
3873817 3874064
3873817 1132722
3873817 3874178
3873817 3874184
3873817 3874186
3873817 1132804
3873817 1132819
3873817 3874308
3873817 1132870
3873817 3874349
3873817 3874379
1132586 1132586
1132586 1132586
1132586 3873074
1132586 3873075
1132586 1132086
1132586 1132096
1132586 1132096
1132586 1132097
1132586 1132097
1132586 1132097
1132586 1132097
1132586 1132097
1132586 1132097
1132586 1132097
1132586 1132097
1132586 1132097
1132586 1132097
1132586 1132097
1132586 3873512
1132586 1132470
1132586 1132472
1132586 3873738
1132586 1132486
1132586 3873771
1132586 1132515
1132586 1132515
1132586 1132515
1132586 1132515
1132586 1132516
1132586 1132516
1132586 1132586
1132586 3873945
1132586 1132688
1132586 3874144
1132586 3874160
1132586 1132746
1132586 1132746
1132586 Rv3022c
1132586 1132789
1132586 3874242
1132586 1132897
1132586 3874456
3873942 1132130
3873942 3873215
3873942 3873415
3873942 1132852
3874071 1132034
3874071 3873074
3874071 3873075
3874071 1132061
3874071 1132097
3874071 1132107
3874071 1132133
3874071 3873217
3874071 3873228
3874071 1132142
3874071 1132151
3874071 1132188
3874071 1132189
3874071 1132296
3874071 1132350
3874071 1132351
3874071 3873562
3874071 1132352
3874071 1132392
3874071 1132469
3874071 1132470
3874071 3873740
3874071 1132487
3874071 1132488
3874071 3873807
3874071 1132511
3874071 1132532
3874071 3873834
3874071 3873923
3874071 1132591
3874071 3873945
3874071 3873947
3874071 3873998
3874071 3874089
3874071 1132709
3874071 3874109
3874071 1132711
3874071 1132847
3874071 1132848
3874071 3874297
3874071 3874298
3874071 3874300
3874071 1132871
3874071 1132946
3874071 1132947
3874071 3874453
3874071 3874226
3874075 1132047
3874075 1132047
3874075 3873065
3874075 3873182
3874075 3873238
3874075 3873398
3874075 3873419
3874075 1132361
3874075 1132371
3874075 1132417
3874075 3873656
3874075 1132433
3874075 3873667
3874075 3873826
3874075 1132583
3874075 3874024
3874075 1132636
3874075 1132665
3874075 3874074
3874075 3874075
3874075 1132673
3874075 3874187
3874075 3874282
3874075 1132844
3874075 Rv3776
1132758 1132325
1132758 1132325
1132758 1132325
1132758 3873561
1132758 3873701
1132758 1132531
1132767 1132055
1132767 3873260
1132767 1132162
1132767 1132445
1132767 3873673
1132767 1132447
1132767 3873674
1132767 3873720
1132767 3873791
1132767 1132503
1132767 3873796
1132767 3873797
1132767 1132510
1132767 3873806
1132767 1132644
1132767 3874042
1132767 3874043
1132767 3874204
1132767 3874206
1132767 3874207
1132767 1132767
1132792 3873099
1132792 3873142
1132792 1132091
1132792 1132110
1132792 3873189
1132792 3873198
1132792 3873199
1132792 3873415
1132792 3873453
1132792 3873526
1132792 1132321
1132792 1132349
1132792 1132379
1132792 3873631
1132792 3873657
1132792 3873658
1132792 1132576
1132792 3873981
1132792 3873982
1132792 3874063
1132792 3874064
1132792 1132665
1132792 3874070
1132792 3874176
1132792 1132753
1132792 1132787
1132792 1132792
1132792 1132866
1132792 1132967
1132808 3873067
1132808 1132312
1132808 1132403
1132808 1132406
1132810 3873042
1132810 3873044
1132810 1132037
1132810 1132039
1132810 3873123
1132810 3873179
1132810 3873190
1132810 1132129
1132810 3873239
1132810 3873306
1132810 3873379
1132810 1132264
1132810 3873462
1132810 3873831
3874258 1132042
3874258 1132050
3874258 3873116
3874258 1132189
3874258 3873375
3874258 1132338
3874258 1132338
3874258 1132401
3874258 1132419
3874258 3873725
3874258 1132465
3874258 3873869
3874258 3873870
3874258 1132629
3874258 1132740
3874258 1132740
3874258 1132742
3874258 1132742
3874258 1132743
3874258 1132743
3874258 1132758
3874258 3874258
3874258 3874277
3874258 1132904
3874258 3874396
3874258 1132952
3874258 1132952
1132827 1132265
1132851 1132108
1132851 1132461
1132851 1132477
1132851 1132851
3874346 3873130
3874346 3873254
3874346 1132193
3874346 3873390
3874346 3873400
3874346 1132415
3874346 1132415
3874346 3873746
3874346 1132690
3874346 1132690
3874346 1132872
3874346 1132872
3874346 1132872
3874346 1132872
3874346 1132872
3874346 1132872
3874346 1132872
3874346 1132872
3874346 1132872
3874346 1132872
3874346 1132873
3874346 1132873
3874346 3874328
3874346 3874329
3874346 3874331
3874346 3874332
3874346 3874333
3874346 1132877
3874346 1132877
3874346 1132878
3874346 1132878
3874346 1132878
3874346 1132879
3874346 1132879
3874346 1132879
3874346 1132881
3874346 1132881
3874346 1132881
3874346 1132881
3874346 1132881
3874346 1132881
3874346 1132889
3874346 1132889
3874346 1132889
3874346 1132889
3874346 1132890
3874346 1132890
3874346 3874345
3874346 3874346
3874347 1132050
3874347 1132211
3874347 1132213
3874347 1132214
3874347 1132221
3874347 1132222
3874347 1132222
3874347 1132261
3874347 1132261
3874347 1132273
3874347 3873725
3874347 1132465
3874347 1132536
3874347 3873870
3874347 1132724
3874347 1132807
3874347 1132807
3874347 1132845
3874347 1132850
3874347 3874347
3874378 1132035
3874387 1132034
3874387 1132035
3874387 3873042
3874387 1132038
3874387 3873058
3874387 3873079
3874387 3873094
3874387 1132071
3874387 3873115
3874387 1132090
3874387 1132092
3874387 1132123
3874387 1132128
3874387 1132133
3874387 3873218
3874387 3873221
3874387 1132136
3874387 1132136
3874387 1132140
3874387 1132142
3874387 1132143
3874387 1132161
3874387 1132173
3874387 1132173
3874387 1132182
3874387 3873290
3874387 1132191
3874387 3873292
3874387 1132202
3874387 3873318
3874387 3873335
3874387 3873360
3874387 3873361
3874387 3873366
3874387 3873375
3874387 3873382
3874387 3873399
3874387 1132259
3874387 1132259
3874387 3873417
3874387 3873462
3874387 1132308
3874387 3873497
3874387 3873508
3874387 3873517
3874387 3873521
3874387 3873522
3874387 1132323
3874387 1132325
3874387 1132325
3874387 1132325
3874387 3873531
3874387 3873534
3874387 1132330
3874387 1132350
3874387 1132362
3874387 1132362
3874387 3873583
3874387 1132367
3874387 1132374
3874387 1132374
3874387 1132380
3874387 3873634
3874387 1132400
3874387 3873639
3874387 1132405
3874387 3873645
3874387 1132433
3874387 1132439
3874387 3873686
3874387 3873699
3874387 3873700
3874387 3873717
3874387 3873777
3874387 3873778
3874387 1132499
3874387 1132520
3874387 1132521
3874387 1132531
3874387 3873835
3874387 1132551
3874387 3873873
3874387 1132556
3874387 3873882
3874387 3873898
3874387 3873899
3874387 3873923
3874387 3873929
3874387 1132586
3874387 3873946
3874387 3873952
3874387 3873957
3874387 3873958
3874387 3873959
3874387 3873968
3874387 3873972
3874387 1132604
3874387 3873984
3874387 3874029
3874387 1132653
3874387 3874063
3874387 3874064
3874387 1132708
3874387 3874142
3874387 1132749
3874387 1132749
3874387 3874175
3874387 3874183
3874387 1132758
3874387 1132759
3874387 3874239
3874387 1132807
3874387 3874260
3874387 1132815
3874387 1132819
3874387 1132820
3874387 1132821
3874387 1132821
3874387 1132826
3874387 1132845
3874387 1132850
3874387 1132863
3874387 3874329
3874387 3874335
3874387 1132898
3874387 3874368
3874387 3874369
3874387 3874380
3874387 Rv3652
3874387 3874387
3874387 1132915
3874387 1132924
3874387 3874405
3874387 1132948
3874387 1132949
3874387 1132951
3874387 3874470
3874387 3874475
3874411 3874411
3874461 3874460
3873577 3873224
3873577 1132187
3873577 1132328
3873577 1132329
3873577 1132333
3873577 3873537
3873577 1132364
3873577 1132390
3873577 1132544
3873577 1132547
3873577 1132579
3873577 1132670
3873577 1132685
3873577 1132722
3873577 1132849
3873577 1132870
3873577 1132941
3873577 1132942
3873577 3873577
1132208 1132074
1132208 3874463
1132208 3873141
1132208 3873142
1132208 3873215
1132208 1132138
1132208 1132138
1132208 1132190
1132208 1132208
1132208 1132208
1132208 1132227
1132208 3873359
1132208 3873406
1132208 1132265
1132208 Rv1180
1132208 3873507
1132208 3873508
1132208 1132320
1132208 1132320
1132208 1132320
1132208 1132419
1132208 1132431
1132208 3873719
1132208 3873786
1132208 3873791
1132208 1132535
1132208 3873920
1132208 3873944
1132208 1132592
1132208 1132592
1132208 1132593
1132208 1132593
1132208 1132593
1132208 3873952
1132208 3874002
1132208 3874028
1132208 1132643
1132208 3874043
1132208 1132645
1132208 3874051
1132208 1132648
1132208 1132675
1132208 3874094
1132208 3874204
1132208 3874205
1132208 1132767
1132208 1132767
1132208 1132769
1132208 1132770
1132208 3874210
1132208 1132771
1132208 1132771
1132208 1132771
1132208 1132771
1132208 1132772
1132208 1132805
1132208 1132805
1132208 3874320
1132208 1132943
1132208 3874446
1132208 3874459
1132208 3874226
1132208 3874465
1132208 1132954
1132208 1132954
1132208 1132954
1132208 1132955
1132208 1132956
1132208 1132956
1132208 3874469
1132208 3874470
1132208 1132957
1132208 1132957
1132208 3873223
1132208 3873433
1132208 1132768
1132208 1132768
1132208 3874312
1132208 3873082
1132208 3873124
1132208 3873403
1132208 3873505
1132208 1132314
1132208 3873506
1132208 3873513
1132208 1132341
1132208 3873568
1132208 1132419
1132208 1132571
1132208 1132581
1132208 1132581
1132208 3874045
1132208 3874046
1132208 1132740
1132208 3874265
1132208 1132818
1132208 3874313
1132208 3874314
1132208 1132897
1132208 1132897
1132208 3874361
1132208 3874362
1132208 3874363
1132208 1132912
1132208 3874421
1132208 3874438
1132208 3874444
1132208 3874445
1132208 3873055
1132208 1132082
1132208 1132094
1132208 1132094
1132208 3873158
1132208 1132096
1132208 1132108
1132208 1132122
1132208 1132122
1132208 1132143
1132208 3873242
1132208 1132150
1132208 3873266
1132208 3873268
1132208 1132174
1132208 1132209
1132208 1132214
1132208 3873350
1132208 1132264
1132208 3873423
1132208 3873432
1132208 1132287
1132208 3873478
1132208 1132302
1132208 1132302
1132208 3873492
1132208 3873523
1132208 1132339
1132208 3873592
1132208 1132388
1132208 3873623
1132208 3873624
1132208 3873627
1132208 1132393
1132208 1132394
1132208 3873628
1132208 3873643
1132208 1132411
1132208 3873659
1132208 1132443
1132208 1132461
1132208 3873722
1132208 3873731
1132208 1132504
1132208 1132504
1132208 1132541
1132208 1132544
1132208 1132561
1132208 3873902
1132208 1132652
1132208 3874053
1132208 3874113
1132208 3874117
1132208 1132728
1132208 1132728
1132208 1132728
1132208 3874239
1132208 1132804
1132208 3874272
1132208 1132845
1132208 1132847
1132208 1132854
1132208 3874300
1132208 1132903
1132208 3874422
1132208 1132964
3873233 3874094
3873233 1132413
3873233 1132302
3873233 1132379
3873233 1132059
3873233 1132499
3873233 1132656
3873233 3873072
3873233 3874456
3873233 3873965
3873233 1132649
3873233 1132929
3873233 1132291
3873233 1132059
3873233 1132903
3873233 1132059
3873233 3873239
3873233 3873337
3873233 3873546
3873233 3873791
3873233 1132644
3873233 3874048
3873233 1132656
3873233 3873924
3873233 3874046
3873233 1132890
3873233 1132059
3873233 1132059
3873233 1132929
3873233 1132960
3873233 3873152
3873233 1132266
3873233 1132351
3873233 1132770
3873233 1132074
3873233 1132439
3873233 3873719
3873233 1132740
3873233 1132221
3873233 1132354
3873233 1132558
3873233 3874242
3873233 3873091
3873233 1132614
3873233 1132576
3873233 1132182
3873233 1132198
3873233 1132198
3873233 1132198
3873233 1132198
3873233 1132047
3873233 1132636
3873233 3874374
3873233 3874397
3873233 1132685
3873233 1132853
3873233 1132328
3873233 3873624
3873233 3873366
3873233 3873590
3873233 1132377
3873233 1132512
3873233 1132700
3873233 1132110
3873233 1132600
3873233 1132600
3873233 1132762
3873233 3873516
3873233 3874163
3873233 3873492
3873233 1132651
3873233 1132249
3873233 3873512
3873233 1132746
3873233 3873966
3873233 3874263
3873233 1132438
3873233 1132097
3873233 3873171
3873233 1132180
3873233 3873353
3873233 1132348
3873233 3873645
3873233 1132489
3873233 1132679
3873233 1132680
3873233 1132711
3873233 3874275
3873233 1132893
3873233 1132661
3873233 3874350
3873233 3873278
3873233 3873473
3873233 1132567
3873233 1132953
3873233 1132129
3873233 1132479
1132767 1132055
1132767 1132056
1132767 1132056
1132767 1132056
1132767 1132160
1132767 1132160
1132767 1132161
1132767 1132447
1132767 3873719
1132767 3873792
1132767 1132503
1132767 1132503
1132767 1132510
1132767 1132510
1132767 1132510
1132767 3874041
1132767 1132644
1132767 1132644
1132767 1132645
1132767 1132645
1132767 3874044
1132767 1132699
1132767 3874205
1132767 1132767
1132767 1132767
1132767 3874453
1132767 3874203
1132767 Rv3128c
1132165 1132165
1132165 1132165
1132165 1132165
1132165 1132165
1132165 1132189
1132165 1132165
1132165 1132165
1132165 1132165
1132165 1132165
1132165 1132189
1132165 1132189
1132165 1132189
1132165 1132189
1132165 1132189
1132109 1132071
1132109 1132071
1132109 1132071
1132109 1132071
1132109 1132071
1132109 1132071
1132109 1132071
1132109 1132071
1132109 1132072
1132109 1132072
1132109 1132072
1132109 1132192
1132109 3873293
1132109 1132197
1132109 1132197
1132109 1132197
1132109 1132197
1132109 1132198
1132109 1132198
1132109 1132198
1132109 1132198
1132109 1132198
1132109 1132198
1132109 1132198
1132109 1132200
1132109 1132200
1132109 1132200
1132109 1132200
1132109 1132201
1132109 1132201
1132109 3873507
1132109 3873508
1132109 1132410
1132109 1132410
1132109 1132593
1132109 1132593
1132109 1132730
1132109 1132730
1132109 1132730
1132109 1132771
1132109 1132771
1132109 1132771
1132109 1132771
1132109 1132771
1132109 1132771
1132109 1132771
1132109 1132865
1132109 3874445
1132109 3874446
1132109 1132969
1132109 1132969
1132109 1132969
1132109 1132969
1132109 3873342
1132109 3873343
1132109 1132413
1132109 1132413
1132109 1132510
1132109 1132645
1132109 1132645
1132109 3874173
1132109 1132752
1132109 1132770
1132109 1132770
1132109 1132035
1132109 3873040
1132109 1132047
1132109 3873077
1132109 1132066
1132109 3873112
1132109 1132090
1132109 3873194
1132109 1132129
1132109 3873223
1132109 1132177
1132109 1132177
1132109 1132177
1132109 1132179
1132109 1132187
1132109 1132268
1132109 1132314
1132109 3873506
1132109 3873515
1132109 3873551
1132109 3873552
1132109 3873631
1132109 1132420
1132109 3873707
1132109 3873717
1132109 3873725
1132109 1132477
1132109 1132477
1132109 1132518
1132109 1132521
1132109 1132539
1132109 3873858
1132109 1132602
1132109 3874107
1132109 1132727
1132109 3874133
1132109 3874142
1132109 1132768
1132109 1132838
1132109 1132864
1132109 1132864
1132109 3874307
1132109 3874312
1132109 3874313
1132109 3874320
1132109 1132895
1132109 1132910
1132109 1132912
1132109 3874419
1132109 1132936
1132109 1132940
1132109 1132943
1132109 3874444
1132109 1132055
1132109 3873091
1132109 3873115
1132109 3873125
1132109 1132086
1132109 3873155
1132109 1132108
1132109 1132109
1132109 1132160
1132109 1132160
1132109 1132161
1132109 1132190
1132109 3873335
1132109 1132240
1132109 3873406
1132109 1132265
1132109 1132342
1132109 1132342
1132109 1132349
1132109 1132378
1132109 1132404
1132109 1132445
1132109 1132447
1132109 3873674
1132109 3873720
1132109 1132469
1132109 3873746
1132109 1132492
1132109 3873791
1132109 3873792
1132109 3873806
1132109 Rv2160c
1132109 1132546
1132109 3873893
1132109 1132616
1132109 1132616
1132109 3874013
1132109 3874041
1132109 1132644
1132109 1132644
1132109 1132644
1132109 3874042
1132109 3874043
1132109 3874094
1132109 1132704
1132109 3874204
1132109 3874205
1132109 3874206
1132109 3874207
1132109 3874243
1132109 3874386
1132109 3874453
1132109 1132948
1132109 3874460
1132109 1132109
1132109 Rv3128c
3873083 1132483
3873083 3873754
3873083 3873755
3873083 3873756
3873083 3873757
3873083 1132728
3873083 1132728
3873083 1132728
3873083 1132728
3873083 1132728
3873083 1132728
3873083 1132728
3873083 1132728
3873083 1132728
3873083 1132728
3873083 1132880
3873083 1132880
1132093 1132378
1132093 1132378
1132093 1132378
1132093 1132378
1132093 1132378
1132093 1132378
1132093 1132378
1132132 3873138
1132132 3873215
1132132 3873254
1132132 1132378
1132132 1132378
1132132 1132378
1132132 1132378
1132132 1132378
1132132 1132378
1132132 1132378
1132132 1132728
1132132 1132728
1132132 1132728
1132132 1132728
1132132 1132728
1132132 1132728
1132132 1132728
1132132 1132728
1132132 1132728
1132132 1132728
1132132 3874227
1132132 1132881
1132132 1132881
1132132 1132881
1132132 1132874
1132132 1132874
1132132 1132883
1132132 1132883
1132132 1132883
3873233 1132110
3873233 1132110
3873233 1132110
3873233 1132767
3873233 1132767
3873233 1132767
3873233 3874227
3873233 1132800
3873233 1132800
3873233 1132800
3873233 1132800
3873233 1132852
3873233 1132852
3873233 1132880
3873233 1132880
1132226 1132378
1132226 1132378
1132226 1132378
1132226 1132378
1132226 1132378
1132226 1132378
1132226 1132378
1132226 1132800
1132226 1132800
1132226 1132800
1132226 1132800
1132226 1132881
1132226 1132881
1132226 1132881
3873342 3873254
3873342 1132883
3873342 1132883
3873342 1132883
1132267 1132110
1132267 1132110
1132267 1132110
1132267 1132110
1132267 1132852
1132267 1132852
3873526 1132110
3873526 1132110
3873526 1132110
3873526 1132110
3873565 1132378
3873565 1132378
3873565 1132378
3873565 1132378
3873565 1132378
3873565 1132378
3873565 1132378
3873565 1132728
3873565 1132728
3873565 1132728
3873565 1132728
3873565 1132728
3873565 1132728
3873565 1132728
3873565 1132728
3873565 1132728
3873565 1132728
3873565 1132800
3873565 1132800
3873565 1132800
3873565 1132800
3873565 1132874
3873565 1132874
3873769 1132378
3873769 1132378
3873769 1132378
3873769 1132378
3873769 1132378
3873769 1132378
3873769 1132378
3873769 1132883
3873769 1132883
3873769 1132883
1132492 1132728
1132492 1132728
1132492 1132728
1132492 1132728
1132492 1132728
1132492 1132728
1132492 1132728
1132492 1132728
1132492 1132728
1132492 1132728
1132492 3874227
1132492 1132800
1132492 1132800
1132492 1132800
1132492 1132800
1132492 1132880
1132492 1132880
1132492 1132881
1132492 1132881
1132492 1132881
1132492 1132883
1132492 1132883
1132492 1132883
1132499 3873215
1132505 1132138
1132505 1132138
1132505 1132767
1132505 1132767
1132505 1132767
1132505 1132881
1132505 1132881
1132505 1132881
1132507 3873215
1132507 3873254
1132507 3874028
1132507 1132852
1132507 1132852
1132507 1132880
1132507 1132880
1132511 3873138
1132511 1132110
1132511 1132110
1132511 1132110
1132511 1132110
1132511 3873215
1132511 3873464
1132511 1132483
1132511 1132483
1132511 3873754
1132511 3873755
1132511 3873756
1132511 3873757
1132511 3874227
1132511 1132874
1132511 1132874
1132511 1132881
1132511 1132881
1132511 1132881
3873848 3873223
3873848 1132883
3873848 1132883
3873848 1132883
1132656 1132767
1132656 1132767
1132656 1132767
3874070 1132138
3874070 1132138
3874070 3874028
3874083 1132728
3874083 1132728
3874083 1132728
3874083 1132728
3874083 1132728
3874083 1132728
3874083 1132728
3874083 1132728
3874083 1132728
3874083 1132728
3874083 1132852
3874083 1132852
1132767 1132110
1132767 1132110
1132767 1132110
1132767 1132110
1132767 1132138
1132767 1132138
1132767 3874028
1132767 1132874
1132767 1132874
1132773 3874028
3874266 3873464
1132827 1132883
1132827 1132883
1132827 1132883
1132851 1132852
1132851 1132852
1132851 1132880
1132851 1132880
3874296 3873138
3874296 1132110
3874296 1132110
3874296 1132110
3874296 1132110
3874296 1132138
3874296 1132138
3874296 3873223
3874296 3873254
3874296 3873464
3874296 1132378
3874296 1132378
3874296 1132378
3874296 1132378
3874296 1132378
3874296 1132378
3874296 1132378
3874296 1132483
3874296 1132483
3874296 3873754
3874296 3873755
3874296 3873756
3874296 3873757
3874296 1132728
3874296 1132728
3874296 1132728
3874296 1132728
3874296 1132728
3874296 1132728
3874296 1132728
3874296 1132728
3874296 1132728
3874296 1132728
3874296 3874227
3874296 1132852
3874296 1132852
3874296 1132874
3874296 1132874
3874296 1132880
3874296 1132880
3874296 1132881
3874296 1132881
3874296 1132881
3874296 1132883
3874296 1132883
3874296 1132883
1132885 3873464
1132885 1132378
1132885 1132378
1132885 1132378
1132885 1132378
1132885 1132378
1132885 1132378
1132885 1132378
1132909 3873254
1132909 3874028
1132909 1132852
1132909 1132852
3874388 1132800
3874388 1132800
3874388 1132800
3874388 1132800
1132914 3873464
1132914 1132728
1132914 1132728
1132914 1132728
1132914 1132728
1132914 1132728
1132914 1132728
1132914 1132728
1132914 1132728
1132914 1132728
1132914 1132728
1132914 1132767
1132914 1132767
1132914 1132767
3874411 3873138
3874451 3873223
3874451 1132767
3874451 1132767
3874451 1132767
1132132 1132510
1132507 3874467
1132507 3874468
1132511 1132510
3874070 3874467
3874070 3874468
1132851 3874467
1132851 3874468
3874296 1132510
1132909 1132510
3874388 1132510
1132267 1132045
1132267 1132055
1132267 1132055
1132267 3873142
1132267 3873145
1132267 1132094
1132267 1132094
1132267 1132108
1132267 1132108
1132267 1132137
1132267 1132138
1132267 1132142
1132267 1132160
1132267 1132160
1132267 1132162
1132267 1132231
1132267 3873414
1132267 3873415
1132267 3873447
1132267 3873454
1132267 1132302
1132267 1132302
1132267 3873511
1132267 3873512
1132267 1132350
1132267 1132350
1132267 1132351
1132267 3873568
1132267 3873645
1132267 1132447
1132267 1132447
1132267 3873698
1132267 1132460
1132267 1132460
1132267 3873718
1132267 3873720
1132267 1132503
1132267 1132503
1132267 3873797
1132267 1132510
1132267 1132510
1132267 1132510
1132267 3873806
1132267 1132514
1132267 3873834
1132267 3873847
1132267 3873874
1132267 3873952
1132267 1132600
1132267 1132600
1132267 3874041
1132267 1132644
1132267 1132644
1132267 1132644
1132267 3874042
1132267 3874043
1132267 1132645
1132267 1132645
1132267 3874044
1132267 1132666
1132267 1132685
1132267 1132728
1132267 1132728
1132267 1132728
1132267 1132728
1132267 1132728
1132267 1132728
1132267 1132728
1132267 1132728
1132267 3874124
1132267 1132761
1132267 1132761
1132267 1132768
1132267 1132769
1132267 1132770
1132267 1132770
1132267 3874276
1132267 1132848
1132267 3874334
1132267 1132895
1132267 1132895
1132267 1132895
1132267 1132895
1132267 3874421
1132267 3874463
1132267 1132955
1132267 3874470
1132267 3873055
1132267 3873084
1132267 3873112
1132267 1132071
1132267 1132071
1132267 1132071
1132267 1132071
1132267 1132071
1132267 1132183
1132267 1132195
1132267 1132195
1132267 1132195
1132267 1132196
1132267 1132196
1132267 1132228
1132267 1132256
1132267 1132256
1132267 3873428
1132267 1132342
1132267 3873553
1132267 1132343
1132267 1132343
1132267 1132343
1132267 1132343
1132267 1132343
1132267 1132477
1132267 3873818
1132267 1132593
1132267 1132593
1132267 1132593
1132267 3873984
1132267 1132617
1132267 1132639
1132267 1132704
1132267 1132771
1132267 1132771
1132267 1132771
1132267 1132771
1132267 1132771
1132267 1132771
1132267 1132805
1132267 1132892
1132267 1132897
1132267 1132898
1132267 3874367
3873526 1132141
3873526 3873382
3873526 1132416
3873526 1132524
3873526 3873891
3873526 1132566
3873526 1132568
3873526 3873999
3873526 1132660
3873526 1132735
3873526 3874175
3873526 1132770
3873526 1132894
3873526 3874368
3873526 3874421
3873526 3874447
3873526 3873125
3873526 1132270
3873526 3873479
3873526 1132302
3873526 3873770
3873526 1132620
3873526 1132805
3873526 3873042
3873526 1132047
3873526 3873077
3873526 3873091
3873526 1132071
3873526 1132071
3873526 1132071
3873526 1132071
3873526 1132071
3873526 1132083
3873526 1132084
3873526 1132097
3873526 1132109
3873526 1132134
3873526 1132181
3873526 1132192
3873526 3873293
3873526 1132197
3873526 1132197
3873526 1132198
3873526 1132204
3873526 3873323
3873526 1132236
3873526 3873378
3873526 1132259
3873526 1132273
3873526 1132280
3873526 1132289
3873526 3873504
3873526 3873514
3873526 1132324
3873526 3873551
3873526 1132342
3873526 1132343
3873526 1132343
3873526 1132362
3873526 3873575
3873526 1132365
3873526 3873651
3873526 1132418
3873526 1132420
3873526 1132439
3873526 3873674
3873526 1132458
3873526 3873725
3873526 1132464
3873526 1132477
3873526 1132477
3873526 1132477
3873526 3873766
3873526 3873781
3873526 1132529
3873526 3873853
3873526 1132546
3873526 1132546
3873526 1132546
3873526 3873865
3873526 1132551
3873526 3873873
3873526 1132557
3873526 3873881
3873526 1132558
3873526 3873931
3873526 3873932
3873526 3873933
3873526 1132605
3873526 3873984
3873526 3873995
3873526 3874002
3873526 3874046
3873526 1132657
3873526 3874068
3873526 1132667
3873526 1132687
3873526 1132726
3873526 3874124
3873526 1132729
3873526 1132730
3873526 1132730
3873526 3874142
3873526 3874206
3873526 1132787
3873526 3874239
3873526 1132793
3873526 1132809
3873526 1132857
3873526 3874308
3873526 3874312
3873526 3874361
3873526 3874362
3873526 3874363
3873526 1132899
3873526 3874378
3873526 1132918
3873526 3874427
3873526 3874438
3873526 1132943
3873526 3874445
3873526 3874456
3873526 1132950
3873526 1132954
3873526 3874467
3873526 3874468
3873526 1132967
1132810 3873541
1132810 3874112
1132810 3873104
1132810 1132098
1132810 1132484
1132810 1132224
1132810 1132616
1132810 1132343
1132810 1132103
1132810 1132811
1132810 1132548
1132810 1132154
1132810 1132340
1132810 1132379
1132810 3874311
1132810 3873212
1132810 1132334
1132810 1132328
1132810 1132071
1132810 1132079
1132810 1132148
1132810 1132594
1132810 1132810
1132810 3873039
1132810 3873552
1132810 1132034
1132810 1132073
1132810 3873632
1132810 1132728
1132810 3873606
1132810 3873508
1132810 1132463
1132810 1132768
1132810 3873594
1132810 3873512
1132810 1132291
1132810 1132241
1132810 3873056
1132810 3874258
1132810 1132773
1132810 1132074
1132810 1132423
1132810 3873084
1132810 1132236
1132810 3873863
1132810 1132390
1132810 1132343
1132810 1132544
1132810 1132379
1132810 1132190
1132810 3873556
1132810 1132252
1132810 1132338
1132810 1132338
1132810 1132814
1132810 1132350
1132810 1132341
1132810 1132463
1132810 1132341
1132810 1132182
1132810 3873455
1132810 1132810
1132810 3873426
1132810 1132316
1132810 1132130
1132810 3873766
1132810 1132814
1132810 1132068
1132810 3873658
1132810 3873502
1132810 1132463
1132810 3873674
1132810 1132724
1132810 1132470
1132966 1132240
1132966 Rv1180
1132966 1132558
1132966 1132558
1132966 3874002
1132966 1132728
1132966 1132728
1132966 1132728
1132966 1132728
1132966 1132728
1132966 1132728
1132966 3874124
1132966 3874206
1132966 3874207
1132966 1132767
1132966 1132768
1132966 1132768
1132966 1132769
1132966 3874313
1132966 3874363
1132966 3874446
1132966 1132059
1132966 1132059
1132966 1132059
1132966 3873568
1132966 1132377
1132966 1132618
1132966 1132618
1132966 1132845
1132966 1132853
1132966 1132859
1132966 1132859
1132966 1132860
1132966 1132861
1132966 1132861
1132966 1132964
1132966 1132964
1132966 1132965
1132966 1132965
1132966 1132966
1132966 1132059
1132966 3874244
1132966 Rv2562
1132073 1132461
1132073 1132477
1132073 1132792
1132073 3873981
1132073 3873142
1132073 1132207
1132073 1132811
1132073 1132138
1132073 3873138
1132073 1132616
1132073 3873198
1132073 1132183
1132073 1132617
1132073 3873115
1132073 1132207
1132073 3873125
1132073 3873318
1132073 1132110
1132073 1132082
1132073 1132207
1132073 1132762
1132073 3873287
1132073 1132083
1132073 1132803
1132073 1132056
1132073 3873274
1132073 3873083
1132073 1132770
1132073 1132265
1132073 1132052
1132073 3873254
1132073 3873129
1132073 3873731
1132073 3873413
1132073 3873468
1132073 3873074
1132073 1132266
1132073 1132413
1132073 3873148
1132073 1132851
1132073 1132810
1132073 3874075
1132073 3873405
3874070 3873215
3874070 1132852
3874070 1132642
3874070 3873766
3874070 1132558
3874070 1132463
3874070 1132728
3874070 3874070
3874070 1132753
3874070 1132701
3874070 1132198
3874070 3873293
3874070 1132752
3874070 1132197
3874070 1132178
3874070 1132721
3874070 3873455
3874070 1132365
3874070 1132644
3874070 1132136
3874070 1132458
3874070 3873841
3874070 3873830
3874070 1132178
3874070 1132547
3874070 1132368
3874070 1132571
3874070 1132158
3874070 1132469
3874070 1132603
3874070 3873867
3874070 1132535
3874070 3873197
3874070 1132635
3874070 1132737
3874070 3874327
3874070 3874324
3874070 3874029
3874070 1132131
3874070 3873368
3874070 1132768
3874070 3873987
3874070 3873723
3874070 Rv3022c
3874070 3873843
3874070 1132366
3874070 3873863
3874070 1132407
3874070 1132410
3874070 1132548
3874070 1132407
3874070 1132534
3874070 1132474
3874070 3874138
3874070 1132705
3874070 1132544
3874070 3873584
3874070 1132529
3874070 3873437
3874070 3874251
3874070 3873865
3874070 1132535
3874070 1132529
3874070 1132464
3874070 3873852
3874070 1132736
3874070 3873838
3874070 3873520
3874070 1132236
3874070 3873588
3874070 1132177
3874070 3873317
1132810 3873817
3874387 1132269
3874387 3873073
3874387 3874375
3874387 1132724
3874387 3873072
3874387 1132246
3874387 1132240
3874387 3873416
3874387 1132245
3874387 1132651
3874387 1132179
3874387 3873687
3874387 1132764
3874387 1132874
3874387 1132750
3874387 1132823
3874387 1132150
3874387 1132616
3874387 3873217
3874387 1132913
1132137 1132137
1132137 1132138
1132137 1132137
1132137 3873902
3874459 1132497
3874459 3873731
3874459 1132498
3874459 1132897
3874459 1132897
3874459 3874361
3874459 3874362
3874459 3874363
3874459 3873378
3874459 3873421
3874459 3873722
3874459 3873798
3874258 3873301
3874258 1132255
3874258 1132256
3874258 3873553
3874258 1132343
3874258 1132594
3874258 1132634
3874258 1132653
3874258 1132654
3874258 1132771
3874258 3874251
3874258 1132811
3874258 3874295
3874258 3874446
3874258 1132968
3873664 3873539
3873664 1132735
3873664 3873531
3873664 3873215
3873664 3873246
1132966 1132042
1132966 3873172
1132966 1132141
1132966 3873293
1132966 1132761
1132966 1132761
1132966 1132761
1132966 3874192
1132966 1132861
1132966 1132862
1132966 1132182
1132966 1132504
1132966 1132514
1132966 3874119
1132966 3874143
1132966 1132862
1132163 1132163
1132163 1132163
3874071 3873082
3874071 1132065
3874071 1132066
3874071 1132097
3874071 1132097
3874071 1132097
3874071 1132097
3874071 1132097
3874071 1132097
3874071 1132097
3874071 1132097
3874071 1132097
3874071 1132097
3874071 1132106
3874071 1132133
3874071 1132165
3874071 1132209
3874071 1132302
3874071 3873526
3874071 1132351
3874071 1132351
3874071 1132352
3874071 1132353
3874071 1132362
3874071 1132512
3874071 1132512
3874071 1132591
3874071 1132591
3874071 1132591
3874071 1132591
3874071 1132591
3874071 1132591
3874071 3873946
3874071 1132600
3874071 1132600
3874071 3874070
3874071 1132744
3874071 1132746
3874071 1132746
3874071 1132770
3874071 3874220
3874071 1132947
3874071 3873042
3874071 3873043
3874071 1132059
3874071 1132173
3874071 3873428
3874071 1132443
3874071 3873674
3874071 3873791
3874071 3874203
3874071 3874206
3874071 3873494
3873406 1132265
1132361 1132361
1132361 1132361
1132361 1132361
1132361 1132361
1132361 1132361
1132361 1132361
1132267 1132267
3874190 1132759
3874190 1132759
3874190 1132759
3874190 1132759
3874190 1132759
3874190 1132759
3874190 1132759
3874190 3874190
3873775 1132486
3873775 3873769
3873775 1132487
3873775 1132487
3873775 1132487
3873775 1132488
3873775 1132488
3873775 1132488
3873775 1132488
3873775 1132488
3873775 1132489
3873775 1132489
3873775 1132496
3873775 1132496
3873775 1132496
3873775 1132496
3873775 1132496
3873775 1132496
3873775 1132496
3873775 1132496
3873775 1132488
3873775 3873616
3873775 1132577
3873775 1132087
3873775 3873558
3873775 1132045
3873775 1132370
3874346 3873108
3874346 1132372
3874346 1132372
3874346 1132372
3874346 1132656
3874346 1132656
3874346 1132302
3874346 1132296
3874346 1132284
3874346 1132253
3874346 1132253
3874346 1132874
3874346 1132874
3874346 1132874
3874346 1132876
3874346 1132876
3874346 1132880
3874346 1132880
3874346 3874341
3874346 3874342
3874346 1132065
3874346 1132065
3874346 3873652
3874346 3874335
3874346 1132157
3874346 1132260
3874346 3873748
3874346 1132876
3874346 3874338
1132143 3873438
1132143 3873512
1132143 3873546
1132143 3873793
1132143 1132644
1132143 1132644
1132143 1132767
1132143 1132593
1132143 1132593
1132143 1132593
1132143 1132593
1132143 3873513
1132469 1132469
1132469 1132470
1132469 1132518
1132469 3873817
1132469 3873604
1132469 1132342
1132469 1132342
1132469 3873553
1132469 1132343
1132469 1132343
1132469 1132343
1132469 1132343
1132469 1132343
1132469 1132343
1132469 1132343
1132469 1132969
3873083 1132600
3873083 1132967
1132082 1132162
1132082 1132407
1132082 1132407
1132101 1132094
1132101 1132094
1132110 3873141
1132110 1132110
1132110 1132110
1132110 1132110
1132143 1132433
3873233 1132051
3873233 1132256
3873233 1132256
3873233 1132257
3873233 1132268
3873233 1132268
3873233 1132338
3873233 1132429
3873233 1132429
3873233 1132588
3873233 1132588
3873234 1132071
3873234 1132071
3873234 1132071
3873234 1132071
3873234 1132071
3873234 1132071
3873234 1132071
3873234 1132072
3873234 1132072
3873234 1132072
3873234 1132072
1132165 1132235
1132204 3873305
1132204 1132716
3873356 1132151
3873356 1132151
3873356 1132151
3873356 1132151
3873356 1132151
3873356 1132428
1132267 1132267
1132267 3874071
3873526 3873141
3873526 1132267
3873526 1132267
3873526 1132267
3873526 1132286
3873526 1132286
3873526 3873454
3873526 1132301
3873526 1132348
3873526 Rv1503c
3873526 Rv1504c
3873526 1132388
3873526 1132514
3873526 1132602
3873526 3874071
3873526 1132675
3873526 1132675
1132344 1132189
1132344 1132189
1132350 1132350
1132423 1132361
1132423 1132361
1132423 1132361
1132423 1132423
1132423 1132537
1132423 1132361
3873702 1132138
3873702 1132301
3873702 1132374
3873754 1132483
3873754 1132483
3873754 3873755
3873754 3873756
3873754 3873757
3873769 1132294
3873769 1132294
3873769 1132376
3873769 1132376
1132492 1132492
1132492 1132492
1132501 1132501
1132501 1132501
3873817 1132097
3873817 1132097
3873817 1132097
3873817 1132097
3873817 1132097
3873817 1132097
3873817 1132097
3873817 1132097
3873817 1132097
3873817 1132097
3873817 1132179
3873817 1132179
3873817 1132259
3873817 1132510
3873817 1132510
3873817 1132510
3873817 1132722
3873817 1132864
3873817 1132864
3873817 1132864
3873817 1132865
3873817 1132865
3873817 1132865
3873817 3874307
1132586 1132086
1132586 3873513
1132586 3873514
1132586 3873515
1132586 1132474
1132586 1132474
1132586 1132486
1132586 1132586
1132586 1132688
1132586 1132688
1132586 1132746
1132586 1132746
1132586 3874243
1132586 1132897
1132586 3874361
1132586 3874362
1132586 3874363
3873942 3873413
3873942 3873414
3873942 3873416
3873942 1132852
3874071 1132034
3874071 1132060
3874071 1132060
3874071 1132061
3874071 1132151
3874071 1132151
3874071 1132151
3874071 1132151
3874071 1132151
3874071 1132350
3874071 1132392
3874071 1132469
3874071 1132469
3874071 1132469
3874071 1132487
3874071 1132488
3874071 1132511
3874071 1132511
3874071 3873833
3874071 1132532
3874071 1132711
3874071 1132871
3874075 1132047
3874075 1132047
3874075 1132047
3874075 1132047
3874075 1132048
3874075 1132048
3874075 1132417
3874075 1132433
3874075 1132433
3874075 1132434
3874075 1132434
3874075 1132583
3874075 1132636
3874075 1132673
3874075 1132673
3874075 3874079
1132758 1132325
1132758 1132325
1132767 1132162
1132792 3873141
1132792 1132110
1132792 1132110
1132792 1132110
1132792 3873188
1132792 3873413
1132792 3873414
1132792 3873416
1132792 3873454
1132792 1132321
1132792 1132349
1132792 1132349
1132792 1132349
1132792 1132349
1132792 1132379
1132792 1132379
1132792 1132607
1132792 3874071
1132792 1132753
1132792 1132787
1132792 1132792
1132792 1132967
1132810 1132039
1132810 3873048
1132810 1132129
1132810 1132129
1132810 1132129
3874258 1132042
3874258 1132042
3874258 1132042
3874258 1132050
3874258 1132189
3874258 1132189
3874258 1132338
3874258 1132338
3874258 1132401
3874258 1132629
3874258 1132743
1132827 3873406
1132827 1132265
1132827 1132265
1132851 1132461
1132851 1132477
1132851 1132477
1132851 1132477
1132851 1132477
1132851 1132477
1132851 1132851
3874346 3873391
3874346 3874339
3874347 1132050
3874347 1132214
3874347 1132214
3874347 1132724
3874347 1132807
3874378 1132035
3874378 3873040
3874387 1132034
3874387 1132035
3874387 3873040
3874387 1132071
3874387 1132071
3874387 1132071
3874387 1132071
3874387 1132071
3874387 1132071
3874387 1132071
3874387 1132072
3874387 1132072
3874387 1132072
3874387 1132072
3874387 1132123
3874387 1132128
3874387 1132133
3874387 3873227
3874387 1132140
3874387 1132140
3874387 1132173
3874387 1132182
3874387 1132308
3874387 3873507
3874387 1132325
3874387 1132325
3874387 1132326
3874387 1132326
3874387 1132330
3874387 1132350
3874387 1132367
3874387 1132374
3874387 1132380
3874387 1132400
3874387 1132400
3874387 1132405
3874387 1132405
3874387 1132433
3874387 1132499
3874387 1132556
3874387 1132586
3874387 1132604
3874387 1132604
3874387 1132604
3874387 1132652
3874387 1132652
3874387 1132652
3874387 1132652
3874387 1132653
3874387 1132708
3874387 1132708
3874387 1132708
3874387 1132759
3874387 1132759
3874387 1132759
3874387 1132759
3874387 1132759
3874387 1132759
3874387 1132807
3874387 1132807
3874387 1132898
3874387 1132924
3874387 1132951
3873577 1132139
3873577 1132139
3873577 1132187
3873577 1132328
3873577 1132333
3873577 1132364
3873577 1132547
3873577 1132579
3873577 1132579
3873577 1132579
3873577 1132670
3873577 1132722
3873577 1132849
1132208 1132190
1132208 1132232
1132208 1132232
1132208 1132232
1132208 1132265
1132208 1132265
1132208 1132314
1132208 1132320
1132208 1132431
1132208 1132431
1132208 1132593
1132208 3874039
1132208 1132643
1132208 1132645
1132208 1132648
1132208 1132675
1132208 3874083
1132208 1132767
1132208 1132771
1132208 1132771
1132208 1132771
1132208 1132771
1132208 1132771
1132208 1132771
1132208 1132771
1132208 1132771
1132208 1132771
1132208 1132771
1132208 3874212
1132208 1132772
1132208 1132954
1132208 1132954
1132208 1132954
1132208 3874466
1132208 1132955
1132208 1132080
1132208 1132080
1132208 3873512
1132208 3873514
1132208 3873515
1132208 1132571
1132208 1132740
1132208 1132082
1132208 3873145
1132208 1132096
1132208 1132209
1132208 1132209
1132208 1132209
1132208 1132209
1132208 1132209
1132208 1132214
1132208 1132214
1132208 3873479
1132208 3873546
1132208 1132339
1132208 Rv1503c
1132208 Rv1504c
1132208 1132388
1132208 Rv1575
1132208 1132411
1132208 1132443
1132208 1132461
1132208 1132561
1132208 1132652
1132208 1132652
1132208 1132728
1132208 1132728
1132208 1132728
1132208 1132728
1132208 1132728
1132208 1132728
1132208 1132728
1132208 1132845
1132208 1132964
3873233 1132413
3873233 1132413
3873233 1132302
3873233 1132379
3873233 1132379
3873233 1132499
3873233 1132291
3873233 1132059
3873233 1132339
3873233 1132339
3873233 3874045
3873233 1132890
3873233 1132960
3873233 1132266
3873233 1132266
3873233 1132266
3873233 1132351
3873233 1132351
3873233 1132770
3873233 1132439
3873233 1132439
3873233 1132439
3873233 1132740
3873233 3873881
3873233 1132558
3873233 1132558
3873233 1132558
3873233 3874243
3873233 1132182
3873233 1132197
3873233 1132197
3873233 1132197
3873233 1132197
3873233 1132198
3873233 1132198
3873233 1132198
3873233 1132047
3873233 1132047
3873233 1132047
3873233 1132047
3873233 1132047
3873233 1132048
3873233 1132048
3873233 1132636
3873233 1132685
3873233 1132328
3873233 3873591
3873233 1132377
3873233 1132512
3873233 1132700
3873233 1132762
3873233 1132762
3873233 1132651
3873233 1132652
3873233 1132249
3873233 3873513
3873233 3873514
3873233 3873515
3873233 1132746
3873233 3873967
3873233 1132438
3873233 1132438
3873233 1132438
3873233 1132438
3873233 1132438
3873233 1132097
3873233 1132097
3873233 1132097
3873233 1132097
3873233 1132097
3873233 1132097
3873233 1132097
3873233 1132097
3873233 1132097
3873233 1132097
3873233 1132180
3873233 1132348
3873233 1132711
3873233 1132893
3873233 1132661
3873233 1132661
3873233 1132953
3873233 1132129
3873233 1132129
3873233 1132129
3873233 1132479
3873233 3873745
1132767 1132699
1132165 1132165
1132165 1132165
1132109 1132072
1132109 1132192
1132109 1132192
1132109 3873301
1132109 1132199
1132109 1132199
1132109 1132199
1132109 1132409
1132109 1132409
1132109 1132410
1132109 1132410
1132109 1132593
1132109 1132593
1132109 3874126
1132109 1132730
1132109 1132730
1132109 1132771
1132109 1132771
1132109 1132771
1132109 1132771
1132109 1132771
1132109 1132771
1132109 1132771
1132109 1132864
1132109 1132865
1132109 1132865
1132109 3874308
1132109 1132968
1132109 1132968
1132109 1132969
1132109 1132413
1132109 1132510
1132109 1132510
1132109 1132510
1132109 3874172
1132109 1132752
1132109 1132035
1132109 1132047
1132109 1132047
1132109 1132047
1132109 1132047
1132109 1132047
1132109 1132048
1132109 1132048
1132109 1132066
1132109 1132067
1132109 1132067
1132109 1132067
1132109 1132129
1132109 1132129
1132109 1132129
1132109 1132179
1132109 1132179
1132109 1132187
1132109 1132268
1132109 1132268
1132109 Rv1180
1132109 1132314
1132109 3873512
1132109 3873513
1132109 3873514
1132109 1132341
1132109 1132341
1132109 1132341
1132109 1132420
1132109 1132420
1132109 1132420
1132109 1132477
1132109 1132477
1132109 1132477
1132109 1132477
1132109 1132518
1132109 1132602
1132109 1132727
1132109 3874132
1132109 3874134
1132109 1132768
1132109 1132838
1132109 3874285
1132109 Rv3599c
1132109 1132895
1132109 1132895
1132109 1132895
1132109 3874439
1132109 1132940
1132109 1132055
1132109 1132056
1132109 1132056
1132109 1132056
1132109 1132086
1132109 1132109
1132109 1132190
1132109 1132240
1132109 1132265
1132109 1132265
1132109 3873553
1132109 1132343
1132109 1132343
1132109 1132343
1132109 1132343
1132109 1132343
1132109 1132343
1132109 1132343
1132109 1132349
1132109 1132349
1132109 1132378
1132109 1132378
1132109 1132378
1132109 1132378
1132109 1132378
1132109 1132378
1132109 1132404
1132109 1132447
1132109 1132469
1132109 1132469
1132109 1132469
1132109 1132492
1132109 1132492
1132109 1132546
1132109 1132546
1132109 1132546
1132109 1132616
1132109 3874014
1132109 3874242
1132132 1132510
1132132 1132510
1132132 1132510
1132511 1132510
1132511 1132510
1132511 1132510
3874296 1132510
3874296 1132510
3874296 1132510
1132909 1132510
1132909 1132510
1132909 1132510
3874388 1132510
3874388 1132510
3874388 1132510
1132267 1132045
1132267 1132056
1132267 1132056
1132267 1132056
1132267 3873141
1132267 1132138
1132267 1132162
1132267 1132231
1132267 3873413
1132267 3873416
1132267 3873453
1132267 3873513
1132267 3873514
1132267 3873515
1132267 1132351
1132267 1132351
1132267 1132503
1132267 1132510
1132267 1132514
1132267 1132685
1132267 1132728
1132267 1132728
1132267 1132761
1132267 1132768
1132267 Rv3599c
1132267 1132955
1132267 1132071
1132267 1132071
1132267 1132071
1132267 1132072
1132267 1132072
1132267 1132072
1132267 1132072
1132267 1132256
1132267 1132256
1132267 1132342
1132267 1132343
1132267 1132343
1132267 1132477
1132267 1132477
1132267 1132477
1132267 1132477
1132267 1132477
1132267 1132593
1132267 1132617
1132267 1132617
1132267 1132617
1132267 1132617
1132267 1132617
1132267 1132617
1132267 1132639
1132267 1132771
1132267 1132771
1132267 1132771
1132267 1132771
1132267 1132771
1132267 1132771
1132267 1132771
1132267 1132771
1132267 1132805
1132267 1132892
1132267 1132897
1132267 3874361
1132267 3874362
1132267 3874363
1132267 1132898
3873526 1132141
3873526 1132416
3873526 1132566
3873526 1132568
3873526 1132770
3873526 1132270
3873526 3873478
3873526 1132620
3873526 1132805
3873526 1132047
3873526 1132047
3873526 1132047
3873526 1132047
3873526 1132047
3873526 1132048
3873526 1132048
3873526 1132071
3873526 1132071
3873526 1132071
3873526 1132072
3873526 1132072
3873526 1132072
3873526 1132072
3873526 1132097
3873526 1132097
3873526 1132097
3873526 1132097
3873526 1132097
3873526 1132097
3873526 1132097
3873526 1132097
3873526 1132097
3873526 1132097
3873526 1132109
3873526 1132109
3873526 1132181
3873526 1132192
3873526 1132192
3873526 1132197
3873526 1132197
3873526 1132198
3873526 1132198
3873526 1132198
3873526 1132198
3873526 1132198
3873526 1132198
3873526 1132204
3873526 1132204
3873526 3873322
3873526 3873324
3873526 1132259
3873526 1132280
3873526 1132289
3873526 3873512
3873526 3873513
3873526 3873515
3873526 1132342
3873526 3873553
3873526 1132343
3873526 1132343
3873526 1132343
3873526 1132343
3873526 1132343
3873526 1132362
3873526 1132365
3873526 1132420
3873526 1132420
3873526 1132420
3873526 1132458
3873526 1132477
3873526 1132477
3873526 1132477
3873526 1132546
3873526 1132558
3873526 1132558
3873526 1132558
3873526 3874045
3873526 1132687
3873526 1132687
3873526 1132687
3873526 1132726
3873526 1132726
3873526 3874126
3873526 1132730
3873526 1132730
3873526 1132730
3873526 1132787
3873526 1132793
3873526 1132793
3873526 1132809
3873526 1132809
3873526 1132864
3873526 1132864
3873526 1132864
3873526 1132865
3873526 1132865
3873526 1132865
3873526 3874307
3873526 3874313
3873526 1132897
3873526 1132897
3873526 1132899
3873526 3874446
3873526 1132950
3873526 3874465
3873526 1132954
3873526 1132954
3873526 1132954
3873526 1132954
3873526 1132954
3873526 3874466
3873526 1132967
1132810 1132098
1132810 1132224
1132810 1132616
1132810 1132616
1132810 1132342
1132810 1132342
1132810 3873553
1132810 1132343
1132810 1132343
1132810 1132343
1132810 1132343
1132810 1132343
1132810 1132811
1132810 1132548
1132810 3873250
1132810 1132379
1132810 1132328
1132810 1132071
1132810 1132071
1132810 1132071
1132810 1132071
1132810 1132071
1132810 1132071
1132810 1132071
1132810 1132072
1132810 1132072
1132810 1132072
1132810 1132072
1132810 3874257
1132810 1132341
1132810 1132341
1132810 1132034
1132810 1132728
1132810 1132728
1132810 1132728
1132810 1132728
1132810 1132728
1132810 1132728
1132810 1132728
1132810 1132728
1132810 1132728
1132810 3873507
1132810 1132768
1132810 3873513
1132810 3873514
1132810 3873515
1132810 1132291
1132810 1132423
1132810 1132423
1132810 1132423
1132810 1132423
1132810 1132423
1132810 1132190
1132810 1132252
1132810 1132350
1132810 1132182
1132810 1132463
1132810 1132724
1132966 1132240
1132966 1132314
1132966 1132314
1132966 3873881
1132966 1132558
1132966 1132558
1132966 1132728
1132966 1132728
1132966 1132728
1132966 1132728
1132966 1132767
1132966 1132767
1132966 3874312
1132966 1132897
1132966 1132897
1132966 3874361
1132966 3874362
1132966 3874445
1132966 1132059
1132966 1132059
1132966 1132377
1132966 1132853
1132966 1132860
1132073 1132461
1132073 1132477
1132073 1132477
1132073 1132477
1132073 1132477
1132073 1132477
1132073 1132792
1132073 1132607
1132073 3873141
1132073 1132811
1132073 1132138
1132073 1132616
1132073 1132616
1132073 1132617
1132073 1132617
1132073 1132617
1132073 1132617
1132073 1132617
1132073 1132617
1132073 1132110
1132073 1132110
1132073 1132110
1132073 1132082
1132073 1132762
1132073 1132762
1132073 1132083
1132073 1132055
1132073 1132055
1132073 1132056
1132073 1132056
1132073 1132770
1132073 3873406
1132073 1132265
1132073 1132265
1132073 3873414
1132073 3873415
1132073 3873416
1132073 1132413
1132073 1132413
1132073 1132851
3874070 1132852
3874070 3873881
3874070 1132558
3874070 1132558
3874070 1132558
3874070 1132463
3874070 1132728
3874070 1132728
3874070 1132728
3874070 1132728
3874070 1132728
3874070 1132728
3874070 1132728
3874070 1132728
3874070 1132728
3874070 3874071
3874070 1132753
3874070 1132197
3874070 1132197
3874070 1132197
3874070 1132198
3874070 1132198
3874070 1132198
3874070 1132198
3874070 1132198
3874070 1132198
3874070 1132192
3874070 1132192
3874070 1132192
3874070 1132752
3874070 1132178
3874070 1132178
3874070 1132721
3874070 1132721
3874070 1132721
3874070 1132721
3874070 1132721
3874070 1132365
3874070 1132458
3874070 3873840
3874070 1132547
3874070 1132368
3874070 1132469
3874070 1132469
3874070 1132469
3874070 1132549
3874070 1132635
3874070 3874026
3874070 1132737
3874070 1132737
3874070 1132768
3874070 1132746
3874070 1132746
3874070 1132407
3874070 1132409
3874070 1132409
3874070 1132410
3874070 1132410
3874070 1132410
3874070 1132548
3874070 3873738
3874070 1132474
3874070 1132529
3874070 1132736
3874070 1132736
3874070 1132177
3874070 1132177
3874387 1132246
3874387 1132240
3874387 3873413
3874387 3873414
3874387 3873415
3874387 1132651
3874387 1132652
3874387 1132179
3874387 1132179
3874387 1132764
3874387 1132874
3874387 1132823
3874387 1132823
3874387 1132616
3874387 1132616
1132137 1132138
3874258 1132199
3874258 1132199
3874258 1132199
3874258 1132200
3874258 1132200
3874258 1132200
3874258 1132200
3874258 1132201
3874258 1132201
3874258 1132256
3874258 1132256
3874258 1132256
3874258 1132342
3874258 1132342
3874258 1132343
3874258 1132343
3874258 1132343
3874258 1132343
3874258 1132343
3874258 1132343
3874258 1132652
3874258 1132652
3874258 1132652
3874258 1132652
3874258 1132653
3874258 1132654
3874258 1132771
3874258 1132771
3874258 1132771
3874258 1132771
3874258 1132771
3874258 1132771
3874258 1132811
3874258 3874445
3874258 1132968
3874258 1132969
3874258 1132969
3874258 1132969
3874258 1132969
3874258 1132969
3873664 1132326
3873664 1132326
1132966 1132042
1132966 1132042
1132966 1132042
1132966 1132141
1132966 1132192
1132966 1132192
1132966 1132192
1132966 1132182
1132966 1132504
1132966 1132514
3874071 1132065
3874071 1132066
3874071 1132067
3874071 1132067
3874071 1132067
3874071 1132165
3874071 1132209
3874071 1132209
3874071 1132209
3874071 1132209
3874071 1132209
3874071 1132302
3874071 1132353
3874071 1132362
3874071 1132512
3874071 3874071
3874071 1132770
3874071 1132059
3874071 1132059
3874071 1132059
3874071 1132173
3874071 1132173
3874071 1132443
1132361 1132361
3873775 1132496
3873775 1132496
3873775 1132496
3873775 1132496
3873775 1132045
3873775 1132370
3874346 1132252
1132143 3873514
1132143 3873515
1132143 1132339
1132143 1132339
1132143 3873794
1132143 1132767
1132143 1132767
1132469 1132469
1132469 1132469
1132469 1132469
1132469 1132518
1132469 1132968
1132469 1132968
1132469 1132969
1132469 1132969
1132469 1132969
1132469 1132969